1.08750 0.10150 0.00277 0.08568 64.75688
0.21750 0.24650 0.00206 0.04797 277.70277
1.14550 0.21750 0.00305 0.02778 322.94448
2.18950 0.07250 0.00401 0.02647 295.57779
1.26150 0.21750 0.00299 0.02271 353.06904
2.91450 0.04350 0.00374 0.05825 66.03551
0.36250 0.13050 0.00204 0.10184 274.92344
0.56550 0.13050 0.00213 0.08106 282.48971
0.53650 0.24650 0.00216 0.03316 291.80783
4.36450 0.13050 0.00136 0.05733 322.67637
0.36250 0.01450 0.00193 0.16892 88.39878
0.59450 0.24650 0.00218 0.03034 292.84648
2.59550 0.07250 0.00394 0.03087 273.54739
4.59650 0.01450 0.00132 0.09391 293.82745
0.73950 0.01450 0.00212 0.13641 281.68228
3.75550 0.04350 0.00154 0.05114 299.80324
4.59650 0.13050 0.00133 0.05498 299.77332
3.63950 0.15950 0.00192 0.06030 287.39824
2.97250 0.07250 0.00369 0.05536 57.15098
0.97150 0.24650 0.00272 0.13468 277.95562
1.14550 0.13050 0.00290 0.04656 60.08723
0.07250 0.27550 0.00206 0.04631 274.97939
4.04550 0.04350 0.00142 0.07259 298.70810
3.08850 0.18850 0.00368 0.05265 38.39130
0.50750 0.27550 0.00215 0.02394 296.87551
1.43550 0.13050 0.00280 0.03386 18.33328
0.36250 0.15950 0.00206 0.08538 276.65143
1.58050 0.01450 0.00252 0.12885 49.48215
2.39250 0.10150 0.00403 0.02010 324.25352
4.16150 0.04350 0.00140 0.08170 301.06719
0.94250 0.15950 0.00250 0.10048 89.37272
1.75450 0.13050 0.00369 0.02932 278.86799
0.68150 0.15950 0.00220 0.06156 285.14246
0.73950 0.04350 0.00217 0.11347 282.30425
1.81250 0.01450 0.00371 0.07456 275.87346
0.82650 0.15950 0.00230 0.05637 279.20831
0.27550 0.18850 0.00204 0.07685 276.43240
3.98750 0.07250 0.00142 0.05188 305.79189
0.18850 0.07250 0.00191 0.14071 84.42919
2.13150 0.24650 0.00430 0.04311 204.49015
1.26150 0.27550 0.00307 0.05702 339.77564
3.17550 0.21750 0.00366 0.04383 29.37841
2.30550 0.24650 0.00429 0.03848 209.20934
0.50750 0.07250 0.00208 0.11185 278.57636
0.59450 0.18850 0.00217 0.05358 286.44626
4.42250 0.18850 0.00135 0.04206 332.35058
2.47950 0.01450 0.00382 0.07868 75.16897
2.39250 0.24650 0.00426 0.03302 207.72137
2.74050 0.01450 0.00379 0.08052 75.63239
3.81350 0.21750 0.00164 0.04988 276.36556
4.62550 0.18850 0.00133 0.04523 294.42299
3.75550 0.21750 0.00188 0.07886 274.49455
1.72550 0.04350 0.00342 0.07717 84.78809
1.78350 0.27550 0.00414 0.03220 187.49586
2.18950 0.04350 0.00396 0.04290 270.98845
2.13150 0.04350 0.00396 0.04307 273.43443
0.01450 0.10150 0.00189 0.10730 88.13070
2.13150 0.27550 0.00435 0.04308 206.37474
1.92850 0.04350 0.00393 0.04250 279.91894
0.21750 0.21750 0.00205 0.06111 276.96453
2.47950 0.27550 0.00425 0.02514 201.98341
0.42050 0.21750 0.00211 0.05163 283.12105
0.50750 0.21750 0.00214 0.04591 287.01005
3.26250 0.24650 0.00361 0.03081 21.41806
3.34950 0.13050 0.00337 0.05197 50.70827
2.50850 0.27550 0.00422 0.02214 196.58523
2.76950 0.15950 0.00390 0.02317 76.52158
2.82750 0.04350 0.00381 0.05288 73.41907
2.82750 0.15950 0.00385 0.03194 64.12484
0.85550 0.21750 0.00235 0.04173 272.74721
3.55250 0.01450 0.00164 0.07686 287.70179
0.82650 0.21750 0.00232 0.03757 274.71805
3.05950 0.50750 0.00417 0.02494 164.84362
0.15950 0.47850 0.00210 0.01251 279.24401
4.10350 0.47850 0.00135 0.04184 216.86716
3.05950 0.27550 0.00379 0.04517 30.75493
1.17450 0.33350 0.00328 0.07952 326.50976
2.13150 0.53650 0.00483 0.04242 220.34344
3.49450 0.39150 0.00274 0.11018 83.44388
4.24850 0.47850 0.00134 0.03906 217.42729
2.36350 0.42050 0.00455 0.03071 213.32266
4.33550 0.47850 0.00135 0.03206 215.41511
4.21950 0.36250 0.00135 0.04343 210.24884
0.62350 0.47850 0.00218 0.03250 99.42174
1.75450 0.33350 0.00422 0.03337 184.43426
3.61050 0.50750 0.00241 0.11314 82.51947
3.63950 0.39150 0.00241 0.11447 75.58864
3.75550 0.50750 0.00183 0.10654 87.95594
4.56750 0.47850 0.00134 0.01694 301.10881
1.87050 0.33350 0.00433 0.03533 191.29403
1.92850 0.33350 0.00437 0.03721 195.22405
0.10150 0.39150 0.00209 0.02885 274.87083
0.27550 0.50750 0.00210 0.01045 96.09798
2.97250 0.30450 0.00386 0.04765 38.92646
4.13250 0.27550 0.00136 0.04272 194.96338
4.01650 0.50750 0.00136 0.03733 215.37175
2.50850 0.33350 0.00429 0.01975 189.47186
4.24850 0.50750 0.00135 0.03747 217.79049
4.36450 0.39150 0.00134 0.03244 208.18471
2.53750 0.44950 0.00438 0.01962 310.92763
4.30650 0.27550 0.00135 0.03949 189.67937
4.33550 0.27550 0.00135 0.03774 188.13440
2.85650 0.44950 0.00412 0.04388 49.99214
1.69650 0.47850 0.00441 0.02509 354.41893
4.77050 0.50750 0.00004 0.00000 180.00000
0.71050 0.39150 0.00222 0.01592 100.93582
0.79750 0.50750 0.00225 0.02771 117.62853
2.68250 0.44950 0.00420 0.04476 80.02836
0.01450 0.53650 0.00195 0.06623 271.21115
2.18950 0.47850 0.00473 0.04154 220.02984
4.10350 0.42050 0.00135 0.04389 215.61659
0.21750 0.53650 0.00210 0.00168 213.12374
3.03050 0.33350 0.00388 0.04112 27.15699
2.94350 0.33350 0.00391 0.04710 41.11726
4.45150 0.42050 0.00134 0.02112 196.72782
4.30650 0.53650 0.00135 0.03103 216.61512
3.23350 0.44950 0.00384 0.01559 142.58606
2.39250 0.36250 0.00444 0.03020 211.16874
0.42050 0.53650 0.00211 0.02916 98.55797
2.24750 0.47850 0.00472 0.03912 220.71885
0.79750 0.42050 0.00226 0.01710 121.19930
0.85550 0.30450 0.00233 0.02050 73.91641
0.76850 0.53650 0.00223 0.03402 113.12120
1.66750 0.39150 0.00417 0.03391 359.42554
0.85550 0.42050 0.00229 0.01128 170.97192
0.71050 0.42050 0.00222 0.02162 102.52593
1.17450 0.42050 0.00337 0.08291 311.73397
0.30450 0.56550 0.00209 0.01707 94.33434
3.87150 0.33350 0.00149 0.01901 306.16474
1.14550 0.30450 0.00319 0.06568 327.78103
2.04450 0.39150 0.00453 0.03930 205.54796
1.02950 0.42050 0.00307 0.12331 281.52682
2.39250 0.50750 0.00464 0.02373 200.75669
1.34850 0.30450 0.00314 0.07960 332.38226
0.39150 0.56550 0.00210 0.02843 97.96482
3.29150 0.47850 0.00367 0.01423 62.85859
0.53650 0.44950 0.00215 0.02529 94.05818
0.42050 0.33350 0.00213 0.01013 310.87734
4.53850 0.33350 0.00134 0.01993 329.25316
2.82750 0.50750 0.00424 0.04154 53.24045
3.81350 0.36250 0.00165 0.11383 89.47150
0.88450 0.56550 0.00231 0.01597 2.94302
4.74150 0.44950 0.00129 0.07379 270.29506
1.63850 0.30450 0.00357 0.04376 312.93510
0.97150 0.79750 0.00281 0.04762 77.80525
4.01650 0.71050 0.00136 0.02305 201.07677
4.04550 0.71050 0.00135 0.02405 201.90318
1.26150 0.68150 0.00339 0.06398 82.47400
3.11750 0.62350 0.00427 0.02295 140.42778
3.92950 0.71050 0.00138 0.01779 198.75060
3.43650 0.73950 0.00260 0.13797 273.62789
3.29150 0.62350 0.00368 0.02054 66.31791
3.49450 0.62350 0.00271 0.11859 87.55452
2.47950 0.76850 0.00483 0.04741 285.60174
0.56550 0.71050 0.00214 0.05215 102.31192
0.42050 0.71050 0.00210 0.03895 95.59934
2.79850 0.65250 0.00460 0.03133 50.86888
3.72650 0.73950 0.00200 0.11488 273.02380
0.94250 0.59450 0.00247 0.05782 78.95242
3.75550 0.62350 0.00181 0.10884 272.18520
3.55250 0.73950 0.00250 0.12664 272.95120
4.77050 0.71050 0.00004 0.00000 180.00000
3.05950 0.76850 0.00462 0.02738 146.65239
1.17450 0.82650 0.00320 0.10214 76.42092
1.00050 0.71050 0.00276 0.08669 83.08321
3.98750 0.62350 0.00136 0.02793 209.98916
1.11650 0.71050 0.00295 0.09869 79.82185
1.17450 0.59450 0.00321 0.05374 275.56314
1.34850 0.71050 0.00353 0.06943 75.39336
0.50750 0.73950 0.00212 0.04895 99.32376
3.34950 0.76850 0.00301 0.10127 87.41927
3.32050 0.76850 0.00344 0.06074 81.20292
1.31950 0.71050 0.00343 0.07497 76.57174
4.30650 0.73950 0.00136 0.01556 206.31809
3.78450 0.65250 0.00173 0.10765 273.27519
2.68250 0.56550 0.00435 0.05229 78.17003
1.78350 0.59450 0.00464 0.01955 347.35678
1.72550 0.82650 0.00486 0.03330 339.43187
2.71150 0.79750 0.00504 0.03427 66.45677
0.68150 0.62350 0.00218 0.04837 107.33353
4.10350 0.65250 0.00135 0.02983 209.59003
2.97250 0.68150 0.00462 0.02438 159.69156
0.21750 0.65250 0.00210 0.00505 180.00000
1.92850 0.59450 0.00474 0.02884 198.10195
3.00150 0.56550 0.00434 0.02439 168.79144
1.08750 0.73950 0.00287 0.11299 78.87106
3.23350 0.79750 0.00412 0.01835 163.73730
4.24850 0.76850 0.00136 0.01715 207.35704
1.49350 0.62350 0.00368 0.03583 299.31245
0.56550 0.76850 0.00214 0.05220 102.09782
4.42250 0.65250 0.00136 0.01191 188.15731
0.50750 0.65250 0.00212 0.04588 100.65111
3.58150 0.56550 0.00249 0.11759 84.94541
2.68250 0.82650 0.00512 0.03794 72.22886
2.56650 0.71050 0.00467 0.05528 272.79977
1.69650 0.62350 0.00443 0.02022 308.29250
3.81350 0.79750 0.00176 0.08137 276.85340
3.61050 0.79750 0.00233 0.12931 275.27586
0.24650 0.79750 0.00210 0.01041 213.40000
2.88550 0.71050 0.00478 0.02170 2.48267
1.02950 0.76850 0.00289 0.09086 81.88238
4.10350 0.68150 0.00135 0.02759 207.45674
2.18950 0.73950 0.00524 0.04147 224.60918
3.92950 0.79750 0.00139 0.01391 357.89872
3.23350 0.71050 0.00402 0.01168 151.35039
4.42250 0.56550 0.00135 0.01663 200.96331
3.26250 0.82650 0.00401 0.02136 14.47867
4.33550 0.56550 0.00135 0.02633 215.02411
4.30650 0.56550 0.00135 0.02896 216.20917
0.50750 0.79750 0.00212 0.04834 98.41003
4.62550 0.56550 0.00133 0.02971 276.26139
1.60950 0.76850 0.00402 0.05348 83.98987
4.77050 0.56550 0.00004 0.00000 180.00000
4.74150 0.56550 0.00128 0.07522 89.74102
4.68350 0.79750 0.00130 0.04900 89.56737
2.62450 0.73950 0.00476 0.05504 84.30702
4.01650 0.94250 0.00138 0.01151 335.23877
3.17550 0.85550 0.00443 0.02733 153.81004
1.08750 1.02950 0.00440 0.02315 205.31440
1.95750 1.00050 0.00577 0.05645 226.76570
1.20350 0.91350 0.00407 0.02046 188.37567
0.13050 1.05850 0.00210 0.00664 196.71577
1.43550 0.91350 0.00449 0.03695 326.62384
1.40650 1.02950 0.00503 0.04413 354.47288
1.34850 0.91350 0.00423 0.02708 329.90347
4.30650 1.05850 0.00140 0.00135 334.57313
1.58050 1.02950 0.00511 0.03762 355.47163
0.56550 0.94250 0.00218 0.03164 104.81361
3.72650 1.08750 0.00381 0.01738 176.56966
2.68250 0.88450 0.00536 0.03308 68.88042
0.76850 1.05850 0.00286 0.02037 63.71174
4.71250 0.82650 0.00129 0.06018 89.35262
3.52350 1.08750 0.00420 0.03724 177.39884
1.69650 0.91350 0.00499 0.03706 348.34143
3.84250 1.08750 0.00227 0.01142 78.27674
1.95750 0.91350 0.00544 0.05156 224.34778
4.10350 1.08750 0.00140 0.00586 303.66296
3.87150 1.08750 0.00195 0.01256 85.61529
3.17550 0.88450 0.00448 0.02883 155.44419
3.98750 0.85550 0.00137 0.01398 352.35662
2.30550 1.02950 0.00553 0.03568 316.71507
0.56550 1.08750 0.00233 0.00285 36.42700
1.40650 0.94250 0.00466 0.03951 339.98716
2.39250 0.91350 0.00518 0.04354 297.41839
0.47850 0.85550 0.00212 0.04345 95.26844
4.42250 0.97150 0.00139 0.00560 290.14910
3.69750 0.88450 0.00296 0.02741 82.03246
0.88450 1.08750 0.00381 0.00615 297.06471
2.56650 0.91350 0.00531 0.05628 89.08367
0.65250 0.97150 0.00226 0.01774 134.61179
4.53850 1.08750 0.00137 0.00929 79.07720
4.62550 0.97150 0.00133 0.02913 89.25262
3.87150 0.88450 0.00155 0.02316 299.37662
3.11750 0.91350 0.00469 0.03045 151.98729
0.27550 1.11650 0.00229 0.01771 322.24989
0.30450 1.00050 0.00215 0.01316 212.96545
0.13050 0.88450 0.00209 0.01705 298.96976
2.10250 1.05850 0.00605 0.04423 218.67599
0.50750 1.11650 0.00232 0.00343 311.21735
1.58050 0.97150 0.00505 0.04195 345.43372
1.58050 0.85550 0.00453 0.04143 311.14430
4.24850 0.88450 0.00137 0.00957 193.65873
2.47950 0.94250 0.00529 0.06221 279.77271
2.53750 0.94250 0.00539 0.05989 272.21032
1.60950 0.97150 0.00506 0.04040 347.37427
4.50950 1.00050 0.00138 0.01044 270.87803
2.85650 0.94250 0.00553 0.02369 156.38862
1.81250 0.85550 0.00497 0.03161 188.33002
4.68350 1.00050 0.00130 0.04503 89.09648
0.82650 1.00050 0.00283 0.02201 51.90126
0.07250 1.02950 0.00195 0.02996 268.10614
0.30450 0.91350 0.00211 0.01765 238.47967
1.20350 1.11650 0.00485 0.03916 189.79185
1.11650 0.88450 0.00374 0.01422 293.89703
0.18850 0.91350 0.00213 0.01563 318.73477
2.13150 0.85550 0.00553 0.04629 226.28664
3.46550 0.94250 0.00377 0.03819 43.87545
2.27650 0.97150 0.00548 0.02788 343.11180
3.37850 1.05850 0.00430 0.04079 173.39766
1.43550 1.11650 0.00507 0.03748 181.22310
2.36350 0.85550 0.00511 0.03053 315.42460
2.53750 1.08750 0.00613 0.05101 88.86547
2.82750 0.97150 0.00569 0.02186 160.87697
1.89950 1.11650 0.00605 0.05989 226.56973
1.78350 1.11650 0.00564 0.05050 217.05597
1.69650 1.00050 0.00512 0.03643 185.78259
2.76950 1.08750 0.00624 0.01971 165.27271
2.62450 0.97150 0.00569 0.03919 77.81845
1.98650 1.11650 0.00624 0.05680 226.41249
3.14650 1.31950 0.00564 0.01919 175.87609
2.01550 1.23250 0.00653 0.04760 217.41154
2.88550 1.31950 0.00655 0.02697 142.95593
1.98650 1.23250 0.00655 0.05165 220.89370
3.08850 1.31950 0.00581 0.01940 167.97746
4.30650 1.17450 0.00141 0.00363 154.00012
2.45050 1.34850 0.00762 0.05041 275.57827
4.27750 1.17450 0.00141 0.00309 158.74949
0.59450 1.17450 0.00275 0.01806 286.66886
0.36250 1.17450 0.00240 0.01665 317.96931
1.37750 1.37750 0.00544 0.03152 191.06749
1.84150 1.26150 0.00644 0.06316 226.38561
3.55250 1.31950 0.00429 0.02541 179.41376
0.65250 1.29050 0.00417 0.02813 356.04500
4.74150 1.17450 0.00125 0.07294 89.18300
1.78350 1.14550 0.00577 0.05338 219.46612
4.56750 1.17450 0.00137 0.00800 59.90858
3.14650 1.23250 0.00529 0.02230 166.20051
4.10350 1.31950 0.00154 0.01230 21.20469
3.14650 1.34850 0.00575 0.01844 178.32171
0.97150 1.17450 0.00465 0.02244 195.96294
1.95750 1.26150 0.00661 0.05348 221.86219
3.87150 1.20350 0.00243 0.01113 35.27447
3.20450 1.23250 0.00512 0.02268 171.94134
2.36350 1.26150 0.00656 0.06786 288.29344
4.39350 1.31950 0.00144 0.01592 152.38893
0.44950 1.31950 0.00328 0.03307 327.72281
0.56550 1.20350 0.00282 0.02016 297.56925
0.44950 1.20350 0.00254 0.01826 307.52267
2.56650 1.14550 0.00654 0.03800 81.54155
2.62450 1.26150 0.00729 0.01670 37.67944
0.79750 1.31950 0.00493 0.03227 186.17352
3.66850 1.11650 0.00409 0.02586 175.74233
2.59550 1.26150 0.00730 0.02080 58.74804
3.75550 1.23250 0.00388 0.01962 177.51679
0.18850 1.23250 0.00240 0.01104 344.50367
2.88550 1.37750 0.00674 0.02555 144.31892
1.23250 1.31950 0.00516 0.03163 184.40565
1.05850 1.20350 0.00481 0.03031 192.34428
2.10250 1.17450 0.00629 0.03877 206.41965
2.21850 1.17450 0.00602 0.03391 334.40226
3.37850 1.26150 0.00480 0.02599 0.90378
1.52250 1.20350 0.00524 0.03424 190.72246
3.23350 1.37750 0.00555 0.01886 6.48445
2.36350 1.17450 0.00605 0.06294 290.69242
4.45150 1.23250 0.00141 0.00834 152.26706
0.39150 1.34850 0.00327 0.03601 327.31161
2.76950 1.17450 0.00658 0.02222 153.74627
2.82750 1.29050 0.00675 0.02776 141.71410
0.73950 1.34850 0.00489 0.03614 185.41403
0.82650 1.23250 0.00462 0.02172 188.79431
0.91350 1.23250 0.00475 0.02487 192.86859
1.75450 1.31950 0.00636 0.06319 225.03847
0.21750 1.14550 0.00233 0.01839 313.72208
2.01550 1.31950 0.00663 0.04013 207.58033
3.05950 1.17450 0.00541 0.02633 152.12083
0.15950 1.37750 0.00239 0.02832 250.67558
2.94350 1.17450 0.00587 0.02906 143.78855
4.04550 1.14550 0.00144 0.00758 85.91438
3.40750 1.29050 0.00478 0.02551 2.38127
0.62350 1.37750 0.00450 0.04308 188.32758
4.27750 1.14550 0.00141 0.00172 159.24920
3.32050 1.17450 0.00464 0.02861 171.92370
0.44950 1.26150 0.00285 0.02613 312.84447
3.32050 1.29050 0.00503 0.02336 2.67497
4.68350 1.14550 0.00130 0.03908 87.49198
0.94250 1.26150 0.00484 0.02820 191.57687
4.56750 1.26150 0.00137 0.00756 1.28818
1.87050 1.23250 0.00641 0.06226 226.57488
0.65250 1.37750 0.00464 0.04251 188.74001
4.50950 1.37750 0.00141 0.02575 135.20457
3.03050 1.43550 0.00646 0.01736 169.24657
1.23250 1.49350 0.00554 0.02270 359.52044
0.21750 1.63850 0.00219 0.04164 247.95588
3.14650 1.43550 0.00601 0.01650 5.00583
3.03050 1.55150 0.00678 0.01506 176.61119
2.18950 1.46450 0.00685 0.06301 305.02182
3.23350 1.43550 0.00551 0.01673 6.72985
4.39350 1.63850 0.00135 0.10981 108.34915
4.19050 1.63850 0.00130 0.13423 106.08963
4.33550 1.52250 0.00143 0.07659 122.37251
1.52250 1.60950 0.00601 0.01796 225.76691
2.45050 1.46450 0.00853 0.03886 273.14221
3.55250 1.55150 0.00239 0.06795 267.08117
0.65250 1.40650 0.00441 0.04601 199.62032
4.65450 1.63850 0.00127 0.01716 47.57362
2.82750 1.46450 0.00730 0.02658 140.60291
0.82650 1.40650 0.00507 0.03591 182.21854
2.76950 1.58050 0.00789 0.02628 136.88141
1.08750 1.63850 0.00574 0.01310 331.30227
0.10150 1.55150 0.00186 0.14356 268.11584
2.21850 1.49350 0.00715 0.07321 299.78662
3.14650 1.46450 0.00609 0.01599 6.96944
1.20350 1.40650 0.00533 0.02861 182.50434
4.01650 1.43550 0.00182 0.01665 148.53454
4.24850 1.55150 0.00142 0.09346 117.82078
4.33550 1.43550 0.00147 0.03968 141.30186
2.39250 1.49350 0.00855 0.05518 281.75389
0.42050 1.66750 0.00197 0.11022 245.13918
2.24750 1.60950 0.00813 0.08596 294.49581
0.56550 1.66750 0.00173 0.09434 218.14665
4.68350 1.55150 0.00127 0.03035 72.25749
4.77050 1.55150 0.00004 0.00000 180.00000
1.78350 1.63850 0.00682 0.05908 232.41249
3.75550 1.58050 0.00183 0.10000 90.33231
0.94250 1.66750 0.00417 0.02913 246.14536
1.89950 1.63850 0.00693 0.03960 218.69596
1.14550 1.43550 0.00537 0.02728 359.34894
2.16050 1.40650 0.00658 0.04654 316.07074
1.23250 1.55150 0.00566 0.01680 353.12878
3.17550 1.60950 0.00515 0.00952 163.77350
1.00050 1.66750 0.00507 0.01289 191.86805
1.95750 1.52250 0.00679 0.03098 200.10794
4.42250 1.58050 0.00139 0.08540 114.76155
3.37850 1.49350 0.00381 0.01670 117.68505
1.34850 1.43550 0.00552 0.02820 190.87555
3.46550 1.60950 0.00248 0.06724 266.52997
2.42150 1.63850 0.00965 0.03729 275.91088
2.33450 1.40650 0.00742 0.07133 289.12590
3.55250 1.60950 0.00215 0.09078 267.22806
1.72550 1.66750 0.00664 0.05649 233.47899
1.60950 1.43550 0.00614 0.05302 222.37836
2.82750 1.52250 0.00747 0.02546 140.89741
4.77050 1.46450 0.00004 0.00000 180.00000
2.74050 1.63850 0.00817 0.02597 134.54763
1.05850 1.46450 0.00544 0.02695 354.01437
2.21850 1.55150 0.00748 0.07963 298.05513
3.95850 1.49350 0.00187 0.03969 105.77290
1.92850 1.43550 0.00682 0.04228 215.62589
4.04550 1.60950 0.00139 0.11254 104.40175
2.88550 1.52250 0.00722 0.02217 147.52881
2.27650 1.43550 0.00723 0.07387 295.00049
1.34850 1.46450 0.00558 0.02657 192.16856
2.27650 1.66750 0.00871 0.08199 291.54577
1.46450 1.58050 0.00589 0.01526 212.82549
4.42250 1.60950 0.00137 0.09324 111.65649
2.36350 1.55150 0.00888 0.06069 284.61095
2.74050 1.55150 0.00799 0.02681 136.69268
2.56650 1.55150 0.00890 0.01222 3.56464
2.79850 1.66750 0.00789 0.02388 136.88372
2.62450 1.55150 0.00863 0.01885 148.27499
4.56750 1.60950 0.00134 0.03954 121.19737
2.76950 1.55150 0.00783 0.02678 137.25434
0.18850 1.75450 0.00181 0.11466 262.53348
3.90050 1.87050 0.00065 0.17242 274.85747
0.27550 1.87050 0.00167 0.11873 92.47153
4.07450 1.87050 0.00080 0.05021 262.45889
0.04350 1.87050 0.00139 0.26121 268.33053
3.11750 1.66750 0.00557 0.00921 167.71408
0.47850 1.75450 0.00170 0.06218 247.15472
2.30550 1.69650 0.00923 0.07652 288.56991
3.29150 1.78350 0.00292 0.05744 267.05590
1.29050 1.72550 0.00584 0.00041 353.04704
4.19050 1.87050 0.00097 0.14834 268.08390
3.26250 1.78350 0.00317 0.04738 267.45949
2.74050 1.92850 0.00810 0.02083 129.25264
3.55250 1.66750 0.00195 0.10895 268.01691
2.68250 1.92850 0.00855 0.02089 131.68138
2.68250 1.69650 0.00861 0.02426 133.59712
2.71150 1.69650 0.00841 0.02529 132.51601
2.85650 1.92850 0.00739 0.01261 143.73884
1.08750 1.75450 0.00559 0.00601 329.29772
4.10350 1.78350 0.00099 0.11113 96.32880
0.13050 1.89950 0.00145 0.21188 267.84698
1.02950 1.87050 0.00432 0.02369 230.58465
0.24650 1.78350 0.00183 0.10367 262.26147
1.95750 1.84150 0.00691 0.04643 216.11719
3.37850 1.92850 0.00205 0.12374 268.60146
2.45050 1.84150 0.01011 0.03454 85.44989
3.26250 1.81250 0.00310 0.05356 267.23909
3.49450 1.69650 0.00206 0.10400 267.63034
0.36250 1.89950 0.00161 0.10006 108.99630
4.16150 1.78350 0.00105 0.14129 95.09603
0.94250 1.78350 0.00329 0.05018 253.00220
3.72650 1.92850 0.00091 0.10849 273.18100
1.84150 1.75450 0.00689 0.05613 229.84936
2.82750 1.72550 0.00780 0.02029 139.31603
4.77050 1.78350 0.00004 0.00000 180.00000
3.52350 1.81250 0.00166 0.13376 269.66589
1.95750 1.75450 0.00688 0.03633 205.69048
4.10350 1.69650 0.00117 0.13083 101.69558
1.14550 1.89950 0.00578 0.00998 336.87678
0.24650 1.92850 0.00153 0.15318 95.23270
0.07250 1.92850 0.00135 0.25586 268.62941
1.11650 1.89950 0.00564 0.00923 337.38014
0.56550 1.69650 0.00162 0.07397 206.31219
1.34850 1.89950 0.00597 0.01376 348.25719
4.36450 1.81250 0.00121 0.14516 95.25697
4.30650 1.81250 0.00116 0.16049 93.97319
4.42250 1.81250 0.00124 0.12058 97.05960
1.40650 1.78350 0.00593 0.00090 238.60054
3.78450 1.84150 0.00095 0.03007 275.72576
3.66850 1.84150 0.00122 0.07514 90.67108
4.56750 1.69650 0.00130 0.04151 115.17615
1.81250 1.78350 0.00681 0.05763 231.19114
0.76850 1.81250 0.00123 0.22378 284.97892
4.62550 1.92850 0.00119 0.00829 174.39257
2.97250 1.87050 0.00662 0.00762 168.02610
2.01550 1.89950 0.00685 0.04520 210.05934
4.13250 1.84150 0.00094 0.11830 269.85470
2.13150 1.89950 0.00671 0.03763 338.50114
3.14650 1.87050 0.00422 0.02574 90.46744
4.01650 1.72550 0.00108 0.09807 100.85618
2.30550 1.78350 0.00917 0.07652 287.10878
2.36350 1.78350 0.00984 0.05986 281.07531
0.36250 1.72550 0.00192 0.09911 253.49954
0.56550 1.72550 0.00156 0.05303 196.05967
2.27650 1.89950 0.00785 0.06321 291.78794
0.33350 1.72550 0.00196 0.09759 255.02396
0.68150 1.84150 0.00105 0.22032 281.37165
3.52350 1.87050 0.00154 0.13697 90.35138
1.60950 1.69650 0.00623 0.02927 232.74647
0.76850 1.84150 0.00114 0.28176 284.00123
4.62550 1.84150 0.00122 0.01011 169.40123
3.61050 1.75450 0.00154 0.12460 269.82526
2.07350 2.04450 0.00663 0.04963 213.91099
3.95850 1.98650 0.00025 0.56300 271.08186
3.08850 2.13150 0.00419 0.02431 266.69859
3.87150 1.98650 0.00018 0.61980 270.73031
4.01650 2.10250 0.00037 0.32861 272.12768
3.14650 2.13150 0.00366 0.04404 265.35087
1.43550 2.07350 0.00546 0.03088 350.90679
3.20450 2.01550 0.00345 0.06227 266.10514
0.39150 2.10250 0.00130 0.15795 122.63867
1.29050 2.07350 0.00534 0.02853 346.33397
4.33550 2.10250 0.00102 0.16192 265.73916
0.62350 1.98650 0.00107 0.09221 78.62914
4.53850 2.10250 0.00114 0.05873 96.01054
4.62550 2.10250 0.00113 0.00736 161.46660
0.94250 2.10250 0.00190 0.18311 287.27917
1.84150 1.95750 0.00664 0.05948 230.54591
3.66850 2.13150 0.00088 0.05672 273.34570
4.77050 1.98650 0.00004 0.00000 180.00000
0.04350 2.13150 0.00119 0.28607 90.50873
1.11650 2.10250 0.00485 0.01627 337.21759
4.07450 2.13150 0.00059 0.03767 296.89152
1.02950 2.21850 0.00334 0.01453 191.91302
3.95850 2.13150 0.00017 0.61325 270.81380
4.01650 2.13150 0.00037 0.33327 271.77278
1.43550 2.21850 0.00466 0.02274 357.45464
2.39250 2.18950 0.00836 0.05937 276.47022
1.31950 1.98650 0.00581 0.02505 348.51065
0.56550 2.01550 0.00126 0.08024 154.56551
0.56550 2.13150 0.00119 0.08614 152.25695
2.36350 2.07350 0.00821 0.06416 278.30690
0.73950 2.01550 0.00042 0.64676 282.76653
0.94250 2.01550 0.00204 0.19898 285.20890
2.76950 1.95750 0.00782 0.01903 130.46088
1.75450 2.21850 0.00551 0.05959 227.70691
4.59650 2.01550 0.00116 0.02114 110.89546
3.58150 2.16050 0.00106 0.09261 92.97084
1.14550 2.01550 0.00548 0.01959 343.02627
0.15950 2.16050 0.00124 0.23281 93.42297
4.10350 2.16050 0.00066 0.04074 244.59228
2.13150 2.10250 0.00638 0.04045 194.34199
2.07350 2.10250 0.00648 0.05015 212.77435
1.05850 2.13150 0.00383 0.01730 216.65796
3.37850 2.18950 0.00167 0.14442 268.77800
4.33550 2.16050 0.00100 0.16172 266.22764
2.42150 2.21850 0.00845 0.05070 273.13218
3.37850 1.95750 0.00201 0.12826 268.77590
4.19050 2.04450 0.00085 0.15283 260.50131
1.46450 2.13150 0.00513 0.02941 355.51463
4.48050 2.04450 0.00115 0.09169 92.31259
2.76950 1.98650 0.00774 0.01868 130.50479
3.55250 2.07350 0.00119 0.11062 92.70981
2.56650 1.98650 0.00939 0.01323 20.49014
4.59650 2.16050 0.00112 0.02503 107.21885
0.65250 2.04450 0.00087 0.18797 273.51359
0.13050 2.07350 0.00125 0.25050 92.69998
2.91450 2.21850 0.00540 0.00631 162.65681
3.08850 1.98650 0.00475 0.01994 90.66085
1.08750 2.04450 0.00482 0.01577 358.94649
2.01550 2.01550 0.00674 0.05708 222.38712
0.24650 2.07350 0.00130 0.20014 101.50531
4.39350 1.95750 0.00115 0.13783 269.97090
4.33550 1.95750 0.00109 0.15977 267.89802
3.43650 1.98650 0.00167 0.14702 269.99610
1.43550 2.04450 0.00562 0.03056 350.63940
2.47950 2.01550 0.00966 0.03412 77.28357
1.58050 2.04450 0.00580 0.03077 189.84188
3.72650 2.10250 0.00069 0.27500 272.48014
2.56650 2.01550 0.00930 0.01344 23.09221
3.61050 2.21850 0.00097 0.07315 91.77841
3.75550 2.10250 0.00053 0.42861 271.86782
1.78350 2.16050 0.00584 0.05929 228.80226
4.62550 2.07350 0.00114 0.00716 166.60380
2.91450 2.24750 0.00517 0.00598 163.98882
2.88550 2.47950 0.00395 0.00744 155.88112
2.21850 2.39250 0.00590 0.08430 299.28037
2.10250 2.39250 0.00548 0.05057 319.20947
2.94350 2.24750 0.00485 0.00437 162.02076
3.92950 2.33450 0.00057 0.09569 277.71770
0.33350 2.33450 0.00140 0.08994 96.17206
4.45150 2.21850 0.00108 0.11120 91.72634
1.40650 2.42150 0.00392 0.02376 202.07454
3.43650 2.36350 0.00130 0.14818 267.30403
4.30650 2.21850 0.00096 0.16835 266.50604
4.27750 2.33450 0.00092 0.16434 90.05578
2.56650 2.27650 0.00773 0.01083 28.38673
2.82750 2.39250 0.00497 0.01234 142.90716
4.56750 2.45050 0.00106 0.04279 105.89757
0.94250 2.45050 0.00253 0.04130 256.47189
4.50950 2.33450 0.00107 0.07931 97.08380
1.66750 2.42150 0.00470 0.06337 226.06139
2.10250 2.30550 0.00579 0.04493 334.33600
0.97150 2.33450 0.00276 0.03405 238.69568
0.01450 2.24750 0.00121 0.27791 269.66395
1.20350 2.45050 0.00369 0.01742 352.41405
0.13050 2.36350 0.00135 0.20076 266.33875
3.05950 2.27650 0.00337 0.01553 261.25945
2.47950 2.30550 0.00782 0.02939 85.94216
3.32050 2.27650 0.00174 0.11705 266.66947
2.45050 2.30550 0.00787 0.03861 272.04806
3.37850 2.39250 0.00140 0.12708 265.29664
3.29150 2.27650 0.00186 0.10398 266.04590
3.49450 2.39250 0.00118 0.15228 267.49705
3.72650 2.27650 0.00074 0.05868 277.93403
0.79750 2.24750 0.00087 0.44427 284.63243
0.73950 2.36350 0.00090 0.26095 283.15754
2.79850 2.30550 0.00581 0.01484 137.21204
0.71050 2.36350 0.00091 0.22118 282.14415
0.85550 2.36350 0.00154 0.07574 296.22673
3.95850 2.39250 0.00068 0.02631 91.96067
3.92950 2.39250 0.00068 0.01844 265.89446
0.18850 2.27650 0.00131 0.18411 90.33921
1.05850 2.36350 0.00387 0.01302 309.04475
4.01650 2.27650 0.00054 0.12284 275.18894
2.01550 2.45050 0.00533 0.03220 350.23634
1.43550 2.24750 0.00453 0.02067 359.86140
3.46550 2.42150 0.00123 0.14589 266.12088
0.50750 2.50850 0.00140 0.09890 233.75115
3.37850 2.42150 0.00137 0.12278 264.17565
0.44950 2.39250 0.00137 0.05755 268.60597
4.36450 2.27650 0.00100 0.14854 269.97300
1.89950 2.24750 0.00595 0.06357 225.87317
3.72650 2.30550 0.00077 0.01805 294.69090
0.73950 2.27650 0.00071 0.46125 282.22377
2.79850 2.45050 0.00485 0.01562 137.56841
0.79750 2.50850 0.00148 0.03799 194.32521
2.68250 2.45050 0.00561 0.01703 139.04832
2.97250 2.33450 0.00385 0.00223 122.19573
0.30450 2.42150 0.00149 0.08066 260.04017
3.95850 2.42150 0.00073 0.06069 94.77305
1.26150 2.50850 0.00360 0.02308 185.66861
2.13150 2.47950 0.00515 0.05740 309.93976
1.00050 2.50850 0.00331 0.01401 357.66853
2.39250 2.24750 0.00813 0.05920 278.33406
4.30650 2.42150 0.00095 0.15069 94.26631
1.55150 2.27650 0.00462 0.03293 209.88947
0.44950 2.30550 0.00132 0.06489 127.98960
2.33450 2.24750 0.00755 0.07158 285.84204
4.27750 2.42150 0.00093 0.15532 94.03542
1.66750 2.27650 0.00497 0.05363 224.76583
1.75450 2.39250 0.00511 0.06620 227.13650
0.88450 2.42150 0.00187 0.02797 239.32780
2.79850 2.36350 0.00541 0.01492 137.60749
2.59550 2.24750 0.00778 0.01111 174.37149
3.58150 2.33450 0.00103 0.13410 269.67528
2.07350 2.74050 0.00442 0.03296 199.79299
4.10350 2.56650 0.00093 0.13203 100.49969
2.16050 2.50850 0.00505 0.06325 306.03470
2.94350 2.71150 0.00305 0.01268 156.58789
4.01650 2.56650 0.00091 0.12368 99.54533
1.26150 2.65350 0.00336 0.02749 185.00765
3.34950 2.59550 0.00134 0.07400 249.83365
2.50850 2.62450 0.00460 0.04007 272.47465
2.36350 2.50850 0.00557 0.07387 288.17494
4.36450 2.68250 0.00102 0.06787 110.02349
0.53650 2.56650 0.00147 0.11611 233.41137
3.20450 2.59550 0.00158 0.03991 243.58906
4.71250 2.56650 0.00105 0.05070 84.17022
3.72650 2.59550 0.00104 0.10223 263.54097
3.63950 2.71150 0.00128 0.03938 228.15986
3.75550 2.59550 0.00102 0.10176 265.37804
1.89950 2.65350 0.00472 0.04769 218.62416
3.78450 2.71150 0.00110 0.03390 240.75825
3.05950 2.50850 0.00226 0.01358 235.16347
2.94350 2.74050 0.00304 0.01484 154.57484
2.21850 2.53750 0.00497 0.07508 300.30807
1.26150 2.56650 0.00350 0.02595 186.21585
1.14550 2.68250 0.00328 0.02489 358.41142
2.07350 2.65350 0.00465 0.02760 354.36583
3.34950 2.74050 0.00157 0.02316 245.40455
2.47950 2.76950 0.00373 0.06481 279.36786
4.33550 2.71150 0.00101 0.06331 112.66860
4.39350 2.71150 0.00102 0.05551 113.03594
3.40750 2.50850 0.00128 0.11424 260.11056
0.44950 2.71150 0.00201 0.03970 210.82266
2.74050 2.53750 0.00471 0.01844 137.41704
4.71250 2.59550 0.00104 0.05055 84.28941
0.91350 2.71150 0.00307 0.02815 359.71505
3.55250 2.62450 0.00119 0.08691 251.25442
4.59650 2.71150 0.00104 0.01076 156.91326
2.68250 2.53750 0.00498 0.01562 146.80850
4.01650 2.62450 0.00096 0.10498 101.80658
1.20350 2.71150 0.00325 0.02692 181.53263
3.17550 2.76950 0.00198 0.00591 151.96171
0.04350 2.62450 0.00147 0.22046 268.68742
2.16050 2.56650 0.00481 0.05292 308.84073
4.01650 2.74050 0.00100 0.03541 111.57306
3.37850 2.65350 0.00136 0.05851 244.63938
2.50850 2.68250 0.00421 0.04784 273.94313
3.29150 2.76950 0.00171 0.01040 269.77963
3.40750 2.53750 0.00128 0.10625 257.75195
1.52250 2.59550 0.00391 0.05391 211.47591
1.34850 2.71150 0.00334 0.03175 188.62268
0.71050 2.74050 0.00229 0.06140 228.55864
4.53850 2.50850 0.00105 0.05143 105.27662
3.63950 2.53750 0.00106 0.12812 264.21688
0.82650 2.74050 0.00272 0.03756 207.52694
0.73950 2.62450 0.00170 0.09446 241.70130
1.66750 2.71150 0.00399 0.06615 217.04313
0.01450 2.53750 0.00137 0.24907 269.15802
3.05950 2.68250 0.00228 0.00310 109.60409
2.13150 2.59550 0.00473 0.03994 318.17702
2.10250 2.71150 0.00446 0.02868 181.51847
0.24650 2.65350 0.00182 0.01784 185.56362
1.23250 2.74050 0.00322 0.02841 182.33977
0.59450 2.53750 0.00136 0.09890 216.05421
2.47950 2.59550 0.00485 0.04557 276.56513
2.30550 2.71150 0.00411 0.05914 299.65595
0.50750 2.76950 0.00220 0.04244 196.26993
1.29050 2.74050 0.00325 0.02965 184.72031
4.19050 2.65350 0.00098 0.09740 106.43104
1.87050 2.62450 0.00478 0.05003 219.55046
3.58150 2.68250 0.00127 0.05439 239.53125
1.69650 2.62450 0.00436 0.06802 220.72555
4.71250 2.53750 0.00105 0.05080 84.06833
2.56650 2.71150 0.00404 0.03396 83.82937
1.60950 2.74050 0.00374 0.05804 210.96206
1.26150 2.88550 0.00313 0.03626 359.62077
0.27550 2.79850 0.00195 0.02725 320.64402
2.01550 2.97250 0.00365 0.06109 227.26198
0.27550 2.91450 0.00185 0.02336 311.54594
3.92950 2.79850 0.00103 0.00609 234.82308
2.07350 2.85650 0.00407 0.04653 217.88470
3.32050 2.94350 0.00223 0.02661 4.98000
0.44950 3.03050 0.00173 0.00382 328.26480
3.26250 2.94350 0.00230 0.02559 3.47297
0.36250 2.79850 0.00204 0.03294 326.62832
2.53750 2.85650 0.00338 0.06010 273.60607
0.62350 2.79850 0.00247 0.04794 206.20692
2.76950 2.85650 0.00332 0.01677 168.82409
3.69750 2.94350 0.00167 0.00618 150.53113
4.48050 2.91450 0.00103 0.01155 160.41960
1.75450 3.00150 0.00318 0.04196 202.69654
4.59650 3.03050 0.00102 0.01772 76.22255
2.71150 2.97250 0.00299 0.02451 59.39699
1.95750 3.00150 0.00348 0.06103 225.75682
2.18950 2.88550 0.00389 0.03336 200.91790
0.21750 2.82750 0.00182 0.01409 348.16370
2.97250 2.97250 0.00281 0.02574 148.21168
1.17450 2.79850 0.00316 0.03106 180.27670
0.30450 2.94350 0.00182 0.02142 312.12437
4.16150 2.82750 0.00101 0.01841 141.92844
0.50750 3.05950 0.00172 0.00256 161.06930
1.49350 3.03050 0.00310 0.03884 350.35094
4.42250 2.82750 0.00103 0.02577 130.32643
0.62350 3.05950 0.00183 0.01185 62.07257
0.56550 3.05950 0.00176 0.00623 42.72497
4.48050 2.82750 0.00103 0.02061 133.17140
3.66850 2.85650 0.00162 0.00432 269.46950
4.68350 2.82750 0.00103 0.03693 83.06357
0.79750 2.94350 0.00286 0.02490 187.40760
2.85650 3.00150 0.00287 0.02073 158.40897
2.74050 2.88550 0.00325 0.01584 18.70953
0.97150 2.82750 0.00314 0.03201 358.31742
1.11650 3.05950 0.00283 0.03734 192.32410
3.84250 2.85650 0.00109 0.01245 183.45292
0.10150 2.97250 0.00159 0.07369 269.39355
2.16050 2.91450 0.00384 0.03988 212.82932
1.00050 3.05950 0.00276 0.02490 195.27530
1.52250 2.82750 0.00331 0.03830 194.51515
3.29150 2.88550 0.00210 0.02059 5.60260
0.33350 2.85650 0.00197 0.03013 317.23257
0.56550 2.85650 0.00232 0.03372 352.55468
0.44950 2.85650 0.00206 0.03019 330.05503
2.47950 3.03050 0.00308 0.06087 285.43593
1.81250 3.05950 0.00311 0.04123 203.39384
0.82650 2.97250 0.00282 0.02242 187.55919
0.88450 2.85650 0.00310 0.03297 180.43445
0.73950 2.97250 0.00252 0.01678 348.58963
0.65250 2.97250 0.00216 0.01649 309.90788
2.82750 2.91450 0.00310 0.02047 155.25027
3.08850 2.79850 0.00240 0.01257 179.27074
0.01450 3.00150 0.00149 0.13967 90.16409
0.07250 3.00150 0.00156 0.09472 90.17542
1.14550 2.97250 0.00301 0.04095 183.10765
0.04350 2.88550 0.00153 0.15334 269.62635
4.13250 2.88550 0.00101 0.00557 174.64737
0.59450 2.88550 0.00232 0.02881 348.62765
3.20450 2.79850 0.00198 0.00872 167.35006
3.49450 2.79850 0.00167 0.00950 264.50537
2.53750 2.82750 0.00348 0.05712 272.97061
4.21950 3.00150 0.00101 0.00129 271.33222
3.20450 3.03050 0.00246 0.02632 168.78398
1.60950 2.85650 0.00336 0.04382 201.33039
3.66850 2.79850 0.00147 0.01351 212.94922
0.85550 3.00150 0.00277 0.01952 187.41622
1.78350 2.97250 0.00330 0.04883 211.50911
2.74050 2.82750 0.00344 0.01528 0.26248
0.79750 3.00150 0.00260 0.01472 353.52659
0.13050 3.14650 0.00161 0.01434 255.82805
3.05950 3.17550 0.00245 0.02726 144.26931
1.95750 3.32050 0.00276 0.02977 188.16821
0.15950 3.26250 0.00163 0.01025 315.79024
0.24650 3.26250 0.00164 0.00784 210.68794
1.23250 3.11750 0.00281 0.04174 194.34253
4.36450 3.26250 0.00101 0.00657 352.12882
3.29150 3.29150 0.00206 0.03180 171.06204
2.24750 3.08850 0.00336 0.03807 216.35821
3.34950 3.05950 0.00229 0.03073 173.34681
4.30650 3.14650 0.00101 0.00428 350.44963
3.26250 3.29150 0.00213 0.03119 158.51929
3.81350 3.17550 0.00110 0.02103 326.30238
1.87050 3.11750 0.00303 0.04068 204.95222
3.61050 3.29150 0.00151 0.02726 82.15817
4.53850 3.26250 0.00101 0.01538 272.08663
3.55250 3.17550 0.00199 0.03204 179.17746
0.85550 3.14650 0.00212 0.01783 53.96554
4.04550 3.17550 0.00101 0.01823 203.26049
2.97250 3.32050 0.00235 0.02147 157.83182
2.94350 3.08850 0.00265 0.02467 148.44271
2.91450 3.08850 0.00267 0.02298 152.49813
3.17550 3.08850 0.00244 0.02631 158.03683
1.95750 3.23350 0.00287 0.03732 204.53925
0.50750 3.29150 0.00166 0.04106 110.61974
1.31950 3.14650 0.00284 0.04223 188.82662
2.27650 3.23350 0.00307 0.04071 222.74041
0.50750 3.17550 0.00167 0.02339 116.72938
3.37850 3.32050 0.00172 0.05483 78.23512
0.33350 3.17550 0.00165 0.01251 253.60787
2.68250 3.11750 0.00265 0.04550 80.02631
2.76950 3.11750 0.00264 0.02394 53.83364
4.74150 3.29150 0.00100 0.07292 89.35572
0.82650 3.17550 0.00196 0.02383 44.38796
4.48050 3.05950 0.00102 0.00772 53.32312
4.68350 3.05950 0.00102 0.04159 86.89888
0.13050 3.20450 0.00161 0.00703 228.34615
3.92950 3.08850 0.00102 0.01749 190.37811
1.26150 3.29150 0.00236 0.02272 74.53258
3.90050 3.32050 0.00101 0.02426 352.77832
0.01450 3.20450 0.00151 0.07321 90.90789
2.07350 3.14650 0.00317 0.05689 228.06369
3.29150 3.11750 0.00230 0.03029 163.54534
2.33450 3.26250 0.00301 0.03140 211.57403
2.30550 3.26250 0.00303 0.03725 220.18759
4.16150 3.32050 0.00101 0.02189 212.09973
0.39150 3.20450 0.00165 0.02315 96.37299
1.58050 3.29150 0.00266 0.03235 326.06432
3.55250 3.23350 0.00179 0.02527 25.00319
0.68150 3.32050 0.00170 0.03659 133.09527
4.68350 3.20450 0.00101 0.04375 88.32340
0.85550 3.32050 0.00179 0.02733 19.29005
0.94250 3.08850 0.00262 0.01221 194.46883
4.71250 3.08850 0.00101 0.05405 88.25049
1.20350 3.20450 0.00256 0.02618 208.44453
2.91450 3.26250 0.00242 0.01886 173.48537
3.14650 3.14650 0.00240 0.02735 149.32730
1.05850 3.32050 0.00220 0.03388 73.25540
3.95850 3.23350 0.00101 0.02374 198.41968
1.11650 3.20450 0.00246 0.01419 219.19568
0.62350 3.23350 0.00169 0.02787 135.36345
2.45050 3.17550 0.00299 0.03664 301.97223
4.27750 3.11750 0.00101 0.00412 355.54800
2.39250 3.17550 0.00308 0.02512 335.79202
4.21950 3.11750 0.00101 0.00676 188.08214
1.55150 3.20450 0.00287 0.04178 341.17912
1.89950 3.08850 0.00312 0.04756 214.48867
2.68250 3.29150 0.00243 0.05818 85.00083
0.79750 3.11750 0.00206 0.01920 58.89295
3.78450 3.14650 0.00120 0.01373 323.85607
3.58150 3.14650 0.00203 0.03086 172.90723
3.61050 3.26250 0.00163 0.01796 52.62595
3.08850 3.40750 0.00223 0.02584 140.52653
0.27550 3.37850 0.00163 0.01676 262.73509
2.97250 3.40750 0.00225 0.01972 168.20563
1.20350 3.34950 0.00211 0.10917 71.70945
4.10350 3.49450 0.00100 0.03923 217.53297
3.14650 3.52350 0.00212 0.02262 132.22257
0.33350 3.61050 0.00163 0.02486 112.73864
2.33450 3.55250 0.00263 0.04084 224.83134
1.52250 3.46550 0.00221 0.11673 71.03888
1.58050 3.58150 0.00228 0.05224 300.35433
2.45050 3.43650 0.00276 0.02052 183.52060
1.37750 3.34950 0.00214 0.12327 62.45382
3.78450 3.40750 0.00107 0.10388 271.96391
2.62450 3.55250 0.00249 0.03936 280.67331
2.85650 3.43650 0.00220 0.02943 55.64587
2.56650 3.55250 0.00257 0.02471 301.74727
4.68350 3.37850 0.00100 0.04536 89.54528
1.60950 3.58150 0.00231 0.04585 299.70768
1.00050 3.37850 0.00200 0.07384 80.81961
1.00050 3.49450 0.00192 0.09550 82.68447
0.01450 3.40750 0.00153 0.00075 315.00000
4.01650 3.52350 0.00100 0.04320 203.28915
2.04450 3.46550 0.00261 0.02980 192.06790
1.05850 3.37850 0.00204 0.10777 80.33141
0.59450 3.40750 0.00168 0.05224 114.54380
1.29050 3.49450 0.00215 0.07440 78.25056
4.36450 3.52350 0.00100 0.01677 202.65140
0.47850 3.52350 0.00165 0.04727 109.84951
1.43550 3.37850 0.00211 0.16310 66.25758
2.27650 3.58150 0.00258 0.04376 222.41635
3.52350 3.43650 0.00132 0.13555 272.90082
2.76950 3.34950 0.00230 0.04258 73.48895
2.82750 3.34950 0.00229 0.02896 58.42879
3.75550 3.43650 0.00108 0.11460 271.62515
1.72550 3.49450 0.00252 0.01657 310.22620
1.66750 3.61050 0.00240 0.02510 333.24097
1.92850 3.37850 0.00270 0.02607 349.81506
2.10250 3.49450 0.00259 0.03441 204.17384
3.00150 3.46550 0.00220 0.02034 163.84569
1.08750 3.40750 0.00201 0.11946 78.50854
1.95750 3.37850 0.00270 0.02692 357.93484
2.88550 3.58150 0.00211 0.03492 55.45429
4.36450 3.55250 0.00100 0.01806 204.05269
3.23350 3.34950 0.00213 0.02519 149.61749
2.47950 3.37850 0.00278 0.02330 320.62581
3.43650 3.34950 0.00139 0.10984 279.68615
0.62350 3.43650 0.00169 0.05283 115.90539
1.31950 3.40750 0.00210 0.11950 68.52357
3.66850 3.58150 0.00123 0.11920 274.06027
1.72550 3.40750 0.00261 0.02350 324.43682
2.85650 3.37850 0.00226 0.02536 49.91092
4.56750 3.43650 0.00100 0.02014 278.30711
2.71150 3.49450 0.00230 0.05777 84.86573
2.85650 3.61050 0.00212 0.04258 63.78398
2.13150 3.40750 0.00270 0.04203 218.00410
0.97150 3.55250 0.00187 0.09435 85.16020
2.07350 3.52350 0.00256 0.03168 195.03625
3.14650 3.37850 0.00222 0.02702 138.63058
2.01550 3.52350 0.00256 0.02796 180.10246
3.17550 3.49450 0.00212 0.02163 129.27636
1.58050 3.55250 0.00226 0.06031 283.64686
0.36250 3.46550 0.00164 0.03485 102.84799
2.47950 3.40750 0.00276 0.02139 328.36091
1.29050 3.55250 0.00216 0.05230 86.29451
4.21950 3.34950 0.00101 0.02000 211.90214
3.37850 3.61050 0.00161 0.10736 86.74291
1.84150 3.55250 0.00256 0.02411 333.28618
0.82650 3.58150 0.00173 0.02759 140.11731
1.89950 3.55250 0.00255 0.02556 338.82727
4.59650 3.46550 0.00100 0.02511 275.48359
2.85650 3.40750 0.00223 0.02728 53.04609
0.79750 3.46550 0.00173 0.03455 139.95450
4.04550 3.72650 0.00099 0.04478 208.69420
2.91450 3.75550 0.00208 0.04417 55.22690
2.10250 3.78450 0.00237 0.04588 200.15702
1.26150 3.69750 0.00224 0.06104 289.20676
1.00050 3.81350 0.00209 0.17285 277.26234
0.97150 3.69750 0.00185 0.12182 88.94170
0.50750 3.72650 0.00166 0.02230 116.89823
3.40750 3.87150 0.00189 0.02482 58.87790
3.40750 3.63950 0.00161 0.10594 87.11626
3.32050 3.87150 0.00197 0.01949 171.14657
1.52250 3.81350 0.00230 0.04445 197.65236
4.33550 3.61050 0.00100 0.02354 210.25819
0.88450 3.72650 0.00176 0.02077 60.01560
1.78350 3.69750 0.00242 0.03241 354.10295
0.85550 3.84250 0.00176 0.03306 274.12884
1.81250 3.69750 0.00242 0.03272 355.10839
4.77050 3.61050 0.00004 0.00000 180.00000
4.71250 3.84250 0.00098 0.06163 273.46036
1.20350 3.84250 0.00227 0.06298 305.19399
3.84250 3.63950 0.00100 0.07372 291.00180
3.90050 3.87150 0.00109 0.06520 72.47664
4.04550 3.87150 0.00098 0.03067 207.89339
0.27550 3.63950 0.00163 0.01345 121.31445
1.95750 3.81350 0.00234 0.04494 192.97550
4.19050 3.87150 0.00097 0.03592 189.29188
2.42150 3.81350 0.00243 0.03674 213.61222
1.46450 3.72650 0.00232 0.04787 198.88162
3.32050 3.66850 0.00189 0.02995 72.49076
3.40750 3.66850 0.00162 0.10867 88.00126
0.53650 3.87150 0.00167 0.01760 288.72318
1.81250 3.72650 0.00239 0.03599 359.02871
1.87050 3.84250 0.00232 0.04438 191.12005
4.56750 3.63950 0.00099 0.02134 289.88678
0.65250 3.87150 0.00169 0.01809 284.95794
4.71250 3.87150 0.00098 0.06317 274.15800
4.77050 3.75550 0.00004 0.00000 180.00000
1.95750 3.72650 0.00239 0.03840 186.80485
3.84250 3.78450 0.00104 0.12167 83.28329
2.18950 3.84250 0.00236 0.04887 204.64577
1.14550 3.63950 0.00206 0.06995 274.98606
0.10150 3.66850 0.00162 0.02904 270.69051
1.00050 3.87150 0.00208 0.10036 286.77744
4.42250 3.66850 0.00099 0.01735 185.19144
2.45050 3.84250 0.00241 0.03512 211.23235
4.36450 3.66850 0.00099 0.02264 202.71333
0.59450 3.66850 0.00168 0.03497 116.38188
3.40750 3.69750 0.00164 0.11046 88.48001
0.42050 3.66850 0.00164 0.02850 115.36913
1.69650 3.63950 0.00243 0.02450 350.19931
3.78450 3.69750 0.00110 0.11343 273.19412
3.63950 3.81350 0.00154 0.09502 84.01340
1.84150 3.75550 0.00236 0.03897 183.38373
1.84150 3.63950 0.00247 0.02851 346.59261
3.75550 3.81350 0.00138 0.13145 78.25838
0.13050 3.81350 0.00162 0.02717 86.70906
2.97250 3.72650 0.00206 0.03523 39.50569
2.91450 3.72650 0.00207 0.04236 54.34754
3.00150 3.72650 0.00205 0.03173 30.57357
2.91450 3.84250 0.00209 0.04713 57.50363
3.84250 3.81350 0.00111 0.13330 76.26503
4.27750 3.81350 0.00098 0.03323 195.46228
0.62350 3.69750 0.00168 0.02902 118.34889
0.53650 3.69750 0.00166 0.02877 115.90600
1.34850 3.66850 0.00230 0.03635 303.19170
2.50850 3.63950 0.00256 0.01936 192.62191
2.53750 3.75550 0.00247 0.02104 197.93554
0.71050 3.69750 0.00170 0.02660 123.14037
0.79750 3.81350 0.00173 0.01042 59.74356
2.85650 3.75550 0.00213 0.04740 65.94423
4.74150 3.81350 0.00098 0.07612 271.21952
0.71050 3.81350 0.00171 0.00510 36.06043
4.53850 3.69750 0.00099 0.01917 304.22065
1.02950 4.16150 0.00174 0.13122 68.18156
2.94350 4.10350 0.00221 0.04795 66.66962
1.98650 4.13250 0.00234 0.04919 284.40917
0.07250 3.95850 0.00160 0.05870 275.46486
2.07350 4.01650 0.00234 0.04085 190.67997
3.87150 3.95850 0.00110 0.05694 79.94714
4.21950 4.07450 0.00096 0.06350 309.31226
1.52250 4.16150 0.00179 0.14869 41.27002
3.37850 4.10350 0.00194 0.07390 49.86289
3.29150 4.10350 0.00199 0.07542 46.48808
4.27750 3.95850 0.00097 0.04351 335.70861
1.34850 3.92950 0.00220 0.03893 181.23641
3.52350 4.10350 0.00153 0.09869 80.09291
0.71050 3.95850 0.00170 0.04815 289.05586
1.89950 4.04550 0.00233 0.03074 181.95759
0.88450 3.95850 0.00180 0.08856 284.94642
1.66750 4.16150 0.00182 0.14815 51.98527
2.71150 4.01650 0.00231 0.01639 318.90946
1.92850 4.04550 0.00233 0.03178 182.43473
4.04550 4.10350 0.00096 0.05402 296.92077
1.14550 4.07450 0.00195 0.06021 74.38268
0.21750 3.98750 0.00160 0.07669 276.82200
0.10150 3.98750 0.00159 0.06748 276.42364
1.05850 4.07450 0.00191 0.07766 78.34426
1.58050 3.95850 0.00218 0.05723 315.86376
3.43650 4.13250 0.00189 0.09018 63.39233
3.32050 3.90050 0.00198 0.02437 178.51854
2.36350 4.04550 0.00236 0.03119 354.40640
0.39150 3.98750 0.00162 0.06922 280.38628
4.21950 4.10350 0.00096 0.07285 302.58400
3.66850 3.90050 0.00152 0.05273 49.86191
3.69750 3.90050 0.00149 0.05696 50.82807
4.62550 3.98750 0.00097 0.05549 290.23098
2.76950 4.04550 0.00229 0.02019 284.62804
2.82750 4.04550 0.00225 0.02503 84.08444
2.82750 3.92950 0.00221 0.03042 75.35615
2.07350 4.07450 0.00235 0.02842 335.09393
3.98750 4.01650 0.00097 0.01925 324.85679
0.10150 4.13250 0.00152 0.15509 75.67972
2.10250 3.95850 0.00233 0.04890 198.33121
3.17550 3.92950 0.00201 0.04160 24.19885
1.11650 3.98750 0.00211 0.03235 324.09374
3.49450 3.92950 0.00183 0.02770 25.44556
2.36350 3.95850 0.00235 0.04313 201.49057
1.31950 3.98750 0.00214 0.03326 326.92630
3.43650 3.92950 0.00191 0.02483 16.11342
2.47950 4.07450 0.00236 0.02655 315.42734
0.44950 4.13250 0.00160 0.13527 277.79645
3.72650 4.04550 0.00119 0.06296 280.15507
4.59650 4.01650 0.00097 0.05814 295.12822
3.52350 4.16150 0.00133 0.12013 88.36383
4.53850 3.90050 0.00098 0.03516 306.45271
3.81350 4.16150 0.00098 0.08701 283.45168
0.91350 4.01650 0.00180 0.10207 279.89514
2.91450 4.07450 0.00221 0.03965 67.36680
0.01450 4.04550 0.00155 0.09672 271.26777
2.01550 3.98750 0.00233 0.04409 195.18673
2.10250 4.10350 0.00235 0.03275 299.89246
0.10150 4.04550 0.00157 0.09277 273.33092
4.01650 3.92950 0.00098 0.02106 198.89964
2.45050 4.10350 0.00237 0.03500 283.88538
0.39150 4.16150 0.00157 0.16472 272.21623
2.30550 3.98750 0.00235 0.04344 196.59944
4.36450 4.04550 0.00096 0.06357 313.68704
4.42250 4.16150 0.00096 0.11773 293.31170
0.42050 3.92950 0.00164 0.04184 283.85688
4.59650 3.92950 0.00098 0.04349 293.91300
1.81250 4.13250 0.00222 0.08262 87.71078
0.91350 4.16150 0.00168 0.12238 275.02064
3.58150 4.07450 0.00132 0.08140 84.86866
4.59650 4.04550 0.00097 0.06461 295.37528
3.72650 3.95850 0.00138 0.06099 65.81337
