2.94350 0.15950 0.00375 0.04723 50.86848
4.01650 0.13050 0.00140 0.03885 327.27541
4.01650 0.01450 0.00143 0.09569 289.91763
1.98650 0.07250 0.00400 0.02768 300.26091
1.11650 0.21750 0.00306 0.03380 311.71378
0.30450 0.24650 0.00208 0.04667 279.94469
4.27750 0.13050 0.00137 0.05831 324.78099
1.58050 0.10150 0.00272 0.08549 57.20034
3.20450 0.15950 0.00358 0.05164 37.69105
2.42150 0.18850 0.00416 0.02931 199.80108
0.53650 0.24650 0.00216 0.03316 291.80783
3.29150 0.04350 0.00340 0.08115 55.71074
0.68150 0.01450 0.00209 0.14075 281.50792
1.75450 0.10150 0.00364 0.03720 271.12451
4.56750 0.01450 0.00133 0.09545 296.70196
4.50950 0.01450 0.00134 0.09949 299.66488
4.71250 0.13050 0.00131 0.08341 281.22775
3.66850 0.04350 0.00163 0.05534 302.76260
1.02950 0.01450 0.00239 0.12142 66.63784
2.94350 0.07250 0.00372 0.05230 59.38948
2.18950 0.10150 0.00406 0.02425 338.21614
3.84250 0.04350 0.00147 0.05281 297.66657
0.97150 0.24650 0.00272 0.13468 277.95562
0.15950 0.15950 0.00200 0.08690 274.70615
2.27650 0.21750 0.00425 0.03922 206.12729
4.27750 0.04350 0.00138 0.08739 304.15194
0.47850 0.04350 0.00205 0.12810 277.26981
2.42150 0.10150 0.00402 0.01994 321.61843
0.42050 0.15950 0.00208 0.07779 278.82904
3.46550 0.18850 0.00280 0.05589 67.30758
2.82750 0.21750 0.00388 0.03595 61.28905
2.65350 0.10150 0.00395 0.02206 281.13671
1.66750 0.13050 0.00307 0.09323 74.24200
1.89950 0.01450 0.00379 0.07451 272.53832
4.77050 0.15950 0.00004 0.00000 180.00000
0.79750 0.04350 0.00220 0.10786 281.76417
0.04350 0.07250 0.00189 0.11650 83.98404
3.90050 0.18850 0.00144 0.01749 189.94157
1.95750 0.13050 0.00407 0.02852 357.10549
1.98650 0.01450 0.00381 0.07556 89.43889
2.16050 0.24650 0.00430 0.04283 205.72737
4.13250 0.18850 0.00138 0.04432 346.54701
1.55150 0.27550 0.00309 0.07961 292.93210
0.42050 0.07250 0.00204 0.12153 274.54478
1.58050 0.04350 0.00262 0.11054 49.81417
1.49350 0.04350 0.00265 0.10060 28.47319
3.34950 0.21750 0.00343 0.03111 36.46473
2.27650 0.01450 0.00383 0.07682 78.55695
0.91350 0.07250 0.00235 0.08854 270.38826
2.56650 0.24650 0.00415 0.01705 181.44554
4.59650 0.07250 0.00133 0.07155 298.24489
0.65250 0.18850 0.00220 0.05059 286.80880
4.65450 0.07250 0.00132 0.07959 290.45915
3.66850 0.10150 0.00174 0.05614 300.72221
2.04450 0.15950 0.00414 0.03682 191.40455
0.07250 0.21750 0.00203 0.05829 275.78004
2.01550 0.15950 0.00413 0.03630 190.52367
2.94350 0.24650 0.00381 0.04862 45.79167
3.11750 0.01450 0.00356 0.09200 61.31499
0.24650 0.21750 0.00205 0.06150 277.32377
3.46550 0.13050 0.00263 0.07028 77.23332
2.24750 0.15950 0.00415 0.03529 196.10371
0.33350 0.21750 0.00207 0.05863 279.34504
2.33450 0.15950 0.00414 0.03161 195.59687
3.49450 0.13050 0.00234 0.07141 82.36347
1.34850 0.07250 0.00276 0.08172 23.08260
1.72550 0.07250 0.00340 0.06764 81.29248
4.62550 0.10150 0.00132 0.06602 294.87272
3.69750 0.24650 0.00217 0.06389 80.98588
3.78450 0.01450 0.00149 0.07919 290.64326
4.71250 0.10150 0.00130 0.09323 281.48952
3.69750 0.13050 0.00177 0.05924 295.49661
2.10250 0.42050 0.00461 0.04079 211.84309
3.11750 0.27550 0.00376 0.04063 24.14865
0.07250 0.47850 0.00209 0.03674 274.93461
3.00150 0.27550 0.00381 0.04822 37.54251
2.01550 0.53650 0.00475 0.03648 209.31241
3.92950 0.47850 0.00138 0.03014 208.62260
1.31950 0.33350 0.00327 0.08788 333.90147
4.30650 0.47850 0.00134 0.03465 216.43339
0.44950 0.47850 0.00212 0.02444 95.80159
3.29150 0.50750 0.00369 0.01503 60.55297
2.53750 0.30450 0.00423 0.01810 183.35717
3.32050 0.50750 0.00357 0.04021 79.85829
2.74050 0.53650 0.00430 0.04844 69.18923
0.73950 0.36250 0.00224 0.00932 109.09573
3.52350 0.50750 0.00267 0.11364 81.76865
2.65350 0.30450 0.00412 0.01859 285.31459
2.71150 0.42050 0.00414 0.04507 75.68934
2.82750 0.53650 0.00430 0.03863 51.61120
3.11750 0.42050 0.00397 0.02618 171.80799
3.17550 0.30450 0.00376 0.03122 11.88582
1.92850 0.44950 0.00456 0.03262 195.45077
3.03050 0.53650 0.00426 0.02487 166.32688
1.05850 0.36250 0.00348 0.16677 285.22288
2.01550 0.44950 0.00462 0.03716 205.14450
1.49350 0.47850 0.00397 0.04462 185.06540
0.56550 0.50750 0.00215 0.03546 99.28171
4.27750 0.39150 0.00134 0.04024 212.42642
3.26250 0.53650 0.00381 0.00900 163.94094
4.30650 0.50750 0.00135 0.03302 216.86296
0.56550 0.39150 0.00217 0.01486 262.92758
1.72550 0.36250 0.00423 0.03335 182.26863
3.72650 0.30450 0.00227 0.08424 71.64248
1.89950 0.36250 0.00440 0.03518 192.77611
0.65250 0.39150 0.00220 0.01634 91.89397
4.48050 0.39150 0.00134 0.01927 183.98815
4.77050 0.27550 0.00004 0.00000 180.00000
0.10150 0.30450 0.00208 0.03622 275.32334
2.04450 0.36250 0.00448 0.03999 204.59100
1.11650 0.50750 0.00312 0.07267 293.00499
3.00150 0.33350 0.00389 0.04338 31.97178
0.07250 0.30450 0.00207 0.04345 274.65962
0.07250 0.53650 0.00209 0.03631 275.80167
4.42250 0.30450 0.00134 0.02917 185.92366
0.47850 0.42050 0.00214 0.01684 267.58432
4.21950 0.30450 0.00135 0.04291 199.63855
3.46550 0.44950 0.00286 0.10772 82.76810
3.37850 0.44950 0.00305 0.12688 89.44002
0.62350 0.53650 0.00217 0.04068 102.20493
4.50950 0.53650 0.00135 0.01188 333.45651
2.79850 0.47850 0.00418 0.04719 60.05031
4.65450 0.42050 0.00132 0.03512 277.67333
0.65250 0.42050 0.00220 0.02232 96.30051
1.89950 0.39150 0.00445 0.03394 192.48853
1.69650 0.50750 0.00444 0.02225 349.58919
1.98650 0.50750 0.00469 0.03440 204.01661
1.11650 0.30450 0.00321 0.06899 319.80314
0.01450 0.44950 0.00198 0.07130 271.10897
1.98650 0.39150 0.00451 0.03715 200.33224
4.07450 0.33350 0.00136 0.04206 207.92985
2.04450 0.50750 0.00473 0.03819 211.03838
2.42150 0.39150 0.00446 0.02613 206.28068
0.56550 0.56550 0.00214 0.04252 101.40771
1.46450 0.30450 0.00315 0.07561 312.47554
1.34850 0.30450 0.00314 0.07960 332.38226
1.58050 0.53650 0.00401 0.04063 333.95214
1.46450 0.42050 0.00381 0.04436 356.67904
2.62450 0.39150 0.00422 0.02586 279.81930
0.71050 0.56550 0.00220 0.04203 107.75817
2.65350 0.50750 0.00429 0.04766 83.65184
3.61050 0.47850 0.00242 0.11190 80.97121
0.85550 0.56550 0.00228 0.02100 142.78081
2.76950 0.39150 0.00406 0.04808 66.51664
3.08850 0.62350 0.00432 0.02392 144.58208
0.30450 0.71050 0.00209 0.01961 261.58481
0.97150 0.79750 0.00281 0.04762 77.80525
3.90050 0.71050 0.00139 0.01505 185.75985
1.95750 0.76850 0.00504 0.03936 216.18576
0.21750 0.59450 0.00210 0.00322 189.46232
0.42050 0.71050 0.00210 0.03895 95.59934
1.55150 0.56550 0.00386 0.04865 323.04531
4.42250 0.71050 0.00136 0.00943 353.30435
2.39250 0.65250 0.00481 0.02092 346.00361
2.24750 0.65250 0.00503 0.03629 220.94382
1.52250 0.68150 0.00354 0.08268 78.14239
0.85550 0.82650 0.00240 0.02147 11.47218
2.85650 0.65250 0.00462 0.02449 27.95687
3.72650 0.73950 0.00200 0.11488 273.02380
4.65450 0.59450 0.00132 0.03769 272.37202
1.75450 0.68150 0.00467 0.02055 330.93998
1.60950 0.79750 0.00425 0.04261 279.29210
3.08850 0.76850 0.00455 0.02675 145.81689
0.97150 0.82650 0.00289 0.03865 72.97138
3.92950 0.62350 0.00138 0.02317 208.51178
2.97250 0.76850 0.00482 0.02663 152.12622
1.20350 0.59450 0.00329 0.04927 277.12357
2.10250 0.68150 0.00509 0.04547 225.34746
4.36450 0.62350 0.00135 0.01903 208.81475
4.24850 0.73950 0.00136 0.01941 209.70827
2.36350 0.79750 0.00504 0.02577 326.85870
4.30650 0.62350 0.00135 0.02446 214.25521
1.29050 0.59450 0.00354 0.03616 284.08621
1.46450 0.71050 0.00358 0.08417 70.28848
2.79850 0.56550 0.00436 0.03985 56.92008
1.89950 0.59450 0.00472 0.02656 192.46094
1.60950 0.59450 0.00396 0.04187 297.89941
1.75450 0.82650 0.00489 0.03107 346.10688
2.59550 0.56550 0.00442 0.04513 272.23480
3.55250 0.76850 0.00249 0.12848 274.17331
0.04350 0.65250 0.00204 0.04120 274.17578
1.95750 0.71050 0.00493 0.03529 211.71281
2.13150 0.71050 0.00518 0.04616 226.96646
2.16050 0.59450 0.00494 0.04278 223.57926
4.04550 0.65250 0.00135 0.02837 207.77547
3.98750 0.65250 0.00136 0.02580 207.61787
3.20450 0.68150 0.00410 0.01591 136.98722
3.40750 0.68150 0.00280 0.12822 270.27705
0.33350 0.65250 0.00209 0.02432 91.29606
2.30550 0.71050 0.00504 0.02651 202.65645
4.24850 0.65250 0.00135 0.02649 214.51186
2.45050 0.82650 0.00495 0.04781 288.77985
4.68350 0.76850 0.00130 0.04905 89.61453
3.81350 0.68150 0.00163 0.09369 274.35227
3.78450 0.56550 0.00171 0.10502 271.18394
2.79850 0.71050 0.00479 0.02636 44.29306
3.55250 0.79750 0.00245 0.13182 276.33251
0.76850 0.76850 0.00225 0.03522 126.74625
1.95750 0.62350 0.00481 0.03195 205.27367
4.10350 0.56550 0.00135 0.03646 214.72298
3.05950 0.71050 0.00452 0.02585 146.00867
0.07250 0.79750 0.00203 0.02241 280.69819
2.91450 0.71050 0.00476 0.02255 171.45667
1.02950 0.65250 0.00275 0.09026 83.00017
0.53650 0.68150 0.00212 0.04960 101.28954
1.49350 0.65250 0.00362 0.04384 89.17669
3.43650 0.71050 0.00272 0.12919 272.27572
0.36250 0.68150 0.00209 0.02937 92.40056
0.47850 0.79750 0.00211 0.04621 96.56063
1.29050 0.76850 0.00321 0.11133 72.25023
4.62550 0.79750 0.00133 0.03274 271.06772
0.76850 0.68150 0.00223 0.04029 119.12920
0.82650 0.68150 0.00227 0.02864 136.07505
2.59550 0.62350 0.00449 0.05176 270.40956
0.88450 0.68150 0.00233 0.01934 2.31193
1.87050 0.76850 0.00490 0.02876 195.03150
3.14650 0.85550 0.00452 0.02803 151.71586
0.07250 1.05850 0.00194 0.03816 269.27934
4.07450 0.82650 0.00136 0.01681 188.93011
0.21750 0.94250 0.00214 0.01398 334.35160
2.97250 0.97150 0.00527 0.03130 145.16244
3.05950 1.08750 0.00520 0.02959 149.36167
1.43550 0.91350 0.00449 0.03695 326.62384
0.56550 1.05850 0.00227 0.00609 130.93808
0.47850 1.05850 0.00220 0.01147 264.54783
1.49350 1.02950 0.00509 0.04129 352.06420
0.44950 0.94250 0.00213 0.03200 269.92838
4.16150 0.94250 0.00137 0.00927 180.06181
4.50950 0.82650 0.00136 0.01359 282.75753
4.59650 0.82650 0.00134 0.02639 272.12833
3.55250 0.85550 0.00297 0.06230 276.66417
4.48050 0.94250 0.00138 0.00980 279.75062
3.58150 0.97150 0.00377 0.02443 25.71543
1.84150 1.02950 0.00549 0.04951 217.35831
2.88550 0.88450 0.00529 0.02462 155.88155
0.01450 0.97150 0.00174 0.05028 91.19657
2.91450 1.00050 0.00554 0.02943 145.42429
1.17450 1.05850 0.00471 0.03770 195.50703
0.24650 1.08750 0.00225 0.01690 323.59123
1.23250 1.05850 0.00481 0.04191 190.43323
3.37850 0.88450 0.00359 0.05440 66.87055
1.29050 0.94250 0.00441 0.03210 359.01839
3.40750 0.88450 0.00349 0.05590 76.19493
3.49450 0.88450 0.00330 0.04655 88.26430
2.24750 1.02950 0.00565 0.02896 348.56980
0.42050 0.97150 0.00213 0.02636 263.94548
1.69650 1.05850 0.00522 0.03773 195.99963
1.84150 0.94250 0.00519 0.04125 208.65258
1.89950 0.94250 0.00535 0.04811 218.99276
4.68350 0.97150 0.00130 0.04595 89.20203
0.65250 0.85550 0.00219 0.04052 112.18478
4.62550 0.85550 0.00133 0.03224 270.47982
1.05850 0.97150 0.00402 0.01007 214.68436
0.15950 1.00050 0.00214 0.01558 310.78473
2.94350 1.02950 0.00551 0.03071 144.32787
1.14550 0.97150 0.00429 0.02743 207.08820
0.15950 0.88450 0.00212 0.01791 305.03921
0.01450 1.11650 0.00169 0.10445 90.64184
2.42150 1.05850 0.00565 0.06294 285.13137
1.31950 0.85550 0.00359 0.05918 73.77000
1.46450 0.85550 0.00385 0.05146 81.34865
0.53650 1.00050 0.00219 0.02131 102.49090
0.47850 1.00050 0.00216 0.02329 91.62393
2.45050 0.94250 0.00525 0.05963 284.00362
0.94250 0.88450 0.00292 0.02398 52.91506
0.94250 1.00050 0.00351 0.00953 59.69597
3.81350 1.02950 0.00240 0.01331 270.12914
1.84150 0.85550 0.00499 0.03306 197.15242
4.53850 0.88450 0.00136 0.01669 275.32806
0.68150 0.88450 0.00223 0.03177 121.16792
3.95850 1.02950 0.00144 0.01000 295.97571
0.27550 0.91350 0.00212 0.01400 218.94101
0.04350 1.02950 0.00187 0.04991 90.89553
2.16050 1.08750 0.00599 0.03457 200.94590
0.07250 1.02950 0.00195 0.02996 268.10614
2.10250 1.08750 0.00612 0.04311 216.41533
1.52250 1.00050 0.00507 0.04235 348.27089
3.32050 0.94250 0.00410 0.04155 5.75999
4.36450 0.91350 0.00139 0.00529 331.30310
2.42150 1.08750 0.00578 0.06474 284.34534
2.45050 0.97150 0.00535 0.06171 283.14216
2.27650 0.85550 0.00530 0.02626 189.40135
2.71150 1.08750 0.00632 0.01702 19.16933
1.78350 0.88450 0.00499 0.03274 184.44971
2.56650 0.97150 0.00558 0.05266 87.79071
2.79850 1.08750 0.00618 0.02253 154.92474
1.78350 1.00050 0.00523 0.04051 203.92659
4.68350 1.02950 0.00130 0.04395 88.91785
4.01650 1.29050 0.00167 0.01252 34.61698
2.16050 1.23250 0.00624 0.03270 351.36440
0.27550 1.29050 0.00284 0.02875 313.40769
1.92850 1.23250 0.00652 0.05856 225.22832
1.92850 1.34850 0.00674 0.05025 220.02747
3.92950 1.17450 0.00178 0.01132 60.46856
4.16150 1.29050 0.00147 0.00954 14.69161
2.24750 1.23250 0.00615 0.04422 313.58897
3.46550 1.31950 0.00461 0.02519 2.61702
4.19050 1.29050 0.00146 0.00935 7.00340
3.37850 1.20350 0.00462 0.02890 175.15734
3.37850 1.31950 0.00493 0.02373 4.56911
3.72650 1.31950 0.00381 0.02072 173.20776
4.68350 1.17450 0.00130 0.03771 86.79236
0.71050 1.17450 0.00336 0.01614 294.83464
2.82750 1.11650 0.00619 0.02569 147.67077
0.82650 1.17450 0.00419 0.01269 353.53018
4.48050 1.29050 0.00141 0.01386 143.98174
2.04450 1.37750 0.00659 0.03259 187.21007
1.05850 1.17450 0.00475 0.02928 193.93184
2.97250 1.23250 0.00591 0.02660 146.63846
1.95750 1.14550 0.00630 0.05867 226.74031
3.95850 1.31950 0.00200 0.01313 24.67150
3.11750 1.11650 0.00505 0.02762 155.37408
0.50750 1.31950 0.00351 0.03269 337.04307
2.53750 1.14550 0.00649 0.04593 87.04229
1.52250 1.17450 0.00518 0.03414 188.77806
3.37850 1.11650 0.00440 0.03555 170.62775
2.36350 1.26150 0.00656 0.06786 288.29344
4.27750 1.31950 0.00145 0.01274 168.59306
0.82650 1.20350 0.00445 0.01736 185.88463
4.62550 1.31950 0.00134 0.01168 46.97732
2.74050 1.26150 0.00702 0.02252 150.90833
2.79850 1.26150 0.00679 0.02695 142.96425
2.56650 1.37750 0.00799 0.01732 53.52036
2.79850 1.14550 0.00639 0.02424 149.58360
1.00050 1.31950 0.00503 0.03103 186.97844
0.24650 1.23250 0.00255 0.02206 313.01621
3.00150 1.37750 0.00632 0.01984 159.30875
4.07450 1.11650 0.00141 0.00647 283.58527
1.95750 1.17450 0.00639 0.05814 226.01046
2.88550 1.14550 0.00604 0.02901 143.11430
4.30650 1.11650 0.00141 0.00096 155.30844
0.42050 1.34850 0.00334 0.03607 332.51148
1.55150 1.20350 0.00529 0.03503 193.33416
4.36450 1.34850 0.00145 0.02003 152.46263
1.46450 1.31950 0.00545 0.03486 194.47081
1.40650 1.31950 0.00535 0.03288 189.25891
4.71250 1.11650 0.00128 0.05320 88.75066
4.71250 1.23250 0.00128 0.04931 87.37317
4.62550 1.23250 0.00134 0.01544 72.43346
2.59550 1.29050 0.00747 0.01867 52.51002
1.72550 1.20350 0.00580 0.05207 217.30562
4.65450 1.23250 0.00132 0.02358 80.38190
0.21750 1.14550 0.00233 0.01839 313.72208
1.05850 1.23250 0.00486 0.03082 190.73386
3.05950 1.17450 0.00541 0.02633 152.12083
4.07450 1.37750 0.00166 0.01578 9.62943
0.15950 1.14550 0.00221 0.00774 180.96224
2.07350 1.20350 0.00640 0.04128 210.01863
1.31950 1.23250 0.00507 0.03428 184.31666
4.27750 1.26150 0.00143 0.00794 163.91585
1.40650 1.34850 0.00542 0.03263 191.43736
4.24850 1.37750 0.00149 0.01988 169.62296
2.53750 1.20350 0.00686 0.04034 84.72328
4.33550 1.26150 0.00143 0.00903 155.39326
0.68150 1.26150 0.00406 0.02287 353.49656
4.50950 1.37750 0.00141 0.02575 135.20457
2.74050 1.31950 0.00724 0.02425 146.08054
3.69750 1.17450 0.00411 0.02408 176.11785
4.50950 1.14550 0.00139 0.00469 42.66798
1.69650 1.34850 0.00625 0.06112 223.57470
2.91450 1.55150 0.00720 0.01971 152.86292
1.23250 1.60950 0.00575 0.01038 345.82983
0.04350 1.52250 0.00169 0.20223 269.33703
1.26150 1.60950 0.00576 0.00955 348.58416
0.21750 1.40650 0.00286 0.02139 334.56083
4.13250 1.63850 0.00130 0.13096 105.21521
0.47850 1.40650 0.00366 0.04266 185.87896
1.55150 1.49350 0.00604 0.04007 220.49583
1.46450 1.49350 0.00582 0.02872 208.94802
3.43650 1.43550 0.00388 0.01643 140.03812
0.33350 1.63850 0.00222 0.08061 246.30021
1.55150 1.60950 0.00608 0.02341 227.51060
1.87050 1.60950 0.00692 0.04562 224.04975
3.75550 1.55150 0.00196 0.08768 269.76475
3.81350 1.43550 0.00265 0.02548 102.92887
4.65450 1.52250 0.00130 0.01666 45.34046
2.62450 1.58050 0.00871 0.01918 146.01161
4.53850 1.52250 0.00138 0.04267 124.42001
1.95750 1.49350 0.00679 0.03273 203.06295
3.98750 1.43550 0.00194 0.01605 142.31603
3.00150 1.58050 0.00693 0.01509 171.88601
1.98650 1.49350 0.00673 0.02964 190.00574
0.04350 1.55150 0.00167 0.20953 269.27260
0.18850 1.43550 0.00262 0.01827 216.43086
3.46550 1.46450 0.00339 0.02163 109.61640
4.45150 1.55150 0.00140 0.07277 118.22023
1.43550 1.63850 0.00587 0.00529 217.62802
1.40650 1.63850 0.00584 0.00422 205.83675
0.62350 1.55150 0.00225 0.11332 237.55673
0.42050 1.55150 0.00249 0.08327 241.28959
1.87050 1.63850 0.00693 0.04578 224.30972
4.48050 1.43550 0.00142 0.03816 130.86673
1.75450 1.63850 0.00674 0.05851 232.96755
4.53850 1.43550 0.00139 0.03052 131.63978
2.56650 1.49350 0.00864 0.01257 19.42992
0.65250 1.55150 0.00227 0.10737 237.22021
1.08750 1.55150 0.00565 0.02018 342.79500
1.95750 1.63850 0.00683 0.02936 195.58888
3.00150 1.49350 0.00675 0.01697 167.57741
3.84250 1.46450 0.00235 0.03232 95.11257
0.30450 1.58050 0.00255 0.03722 226.68756
1.20350 1.66750 0.00581 0.00624 338.28380
2.24750 1.40650 0.00688 0.06693 299.93601
4.27750 1.58050 0.00139 0.10500 113.53533
0.44950 1.46450 0.00321 0.04502 212.72987
4.36450 1.46450 0.00145 0.05120 133.87639
4.33550 1.46450 0.00146 0.05005 136.15758
1.43550 1.55150 0.00583 0.01797 205.26731
4.71250 1.58050 0.00124 0.04858 81.89325
1.87050 1.55150 0.00690 0.04602 223.30056
1.78350 1.66750 0.00681 0.05883 232.54959
1.63850 1.66750 0.00634 0.03927 232.92874
1.60950 1.55150 0.00626 0.04444 228.12875
1.81250 1.43550 0.00676 0.06037 227.35605
3.11750 1.63850 0.00576 0.01034 178.44885
0.18850 1.60950 0.00219 0.04829 255.52637
3.11750 1.52250 0.00619 0.01451 5.89530
3.03050 1.52250 0.00673 0.01564 175.15724
1.08750 1.58050 0.00569 0.01777 339.40243
2.16050 1.66750 0.00723 0.07503 301.95520
0.62350 1.60950 0.00191 0.10867 222.03855
1.29050 1.58050 0.00573 0.01228 356.49932
0.39150 1.60950 0.00224 0.09614 243.93603
4.39350 1.49350 0.00143 0.06172 126.26831
2.24750 1.43550 0.00705 0.07074 298.66282
4.24850 1.60950 0.00135 0.12225 109.56586
4.62550 1.60950 0.00130 0.01518 163.89384
3.75550 1.63850 0.00158 0.11881 91.01761
1.84150 1.46450 0.00685 0.05539 225.95094
1.66750 1.58050 0.00646 0.05293 231.47374
3.66850 1.52250 0.00228 0.07136 269.00435
1.75450 1.46450 0.00667 0.06299 228.86199
1.00050 1.72550 0.00472 0.01498 223.91806
3.84250 1.75450 0.00109 0.05849 93.56778
3.03050 1.78350 0.00620 0.00806 172.51342
3.90050 1.87050 0.00065 0.17242 274.85747
3.17550 1.66750 0.00476 0.00996 129.17201
1.08750 1.84150 0.00541 0.00620 350.53768
3.40750 1.89950 0.00195 0.12709 268.90445
0.59450 1.75450 0.00145 0.03540 332.56635
1.43550 1.84150 0.00602 0.00746 358.54104
1.52250 1.72550 0.00601 0.00893 238.78326
3.43650 1.66750 0.00239 0.07641 266.59391
3.32050 1.66750 0.00314 0.03946 268.12664
2.82750 1.92850 0.00756 0.01496 137.54601
2.59550 1.81250 0.00933 0.01490 153.28019
1.75450 1.72550 0.00671 0.05647 232.99007
0.88450 1.75450 0.00259 0.04031 250.05454
4.74150 1.87050 0.00115 0.08424 87.28533
3.63950 1.66750 0.00171 0.12122 269.11140
1.00050 1.75450 0.00449 0.02036 235.10019
1.08750 1.75450 0.00559 0.00601 329.29772
3.00150 1.92850 0.00606 0.00598 146.52243
3.11750 1.81250 0.00481 0.01313 104.29033
1.02950 1.75450 0.00493 0.01073 210.69829
2.01550 1.84150 0.00684 0.03822 197.82348
3.29150 1.92850 0.00265 0.08855 267.18413
4.19050 1.66750 0.00126 0.14048 103.67420
1.31950 1.87050 0.00596 0.00919 346.91658
0.62350 1.89950 0.00119 0.08210 79.11711
2.42150 1.84150 0.01003 0.04413 271.33735
4.19050 1.89950 0.00095 0.14922 266.11518
1.81250 1.87050 0.00672 0.05756 230.58313
1.75450 1.75450 0.00669 0.05562 232.61294
3.52350 1.92850 0.00144 0.13530 91.07142
0.71050 1.89950 0.00084 0.39540 281.96926
2.85650 1.72550 0.00767 0.01822 143.77152
3.58150 1.92850 0.00128 0.10592 91.84482
1.02950 1.78350 0.00476 0.01241 224.37973
0.10150 1.92850 0.00138 0.23940 268.56629
0.27550 1.92850 0.00155 0.13938 98.47832
4.04550 1.92850 0.00064 0.09015 280.33270
0.15950 1.81250 0.00163 0.16288 265.36577
4.01650 1.69650 0.00115 0.11022 101.37008
0.36250 1.81250 0.00176 0.09047 269.46803
4.30650 1.92850 0.00108 0.16710 267.83931
3.26250 1.84150 0.00302 0.05985 267.11704
4.24850 1.69650 0.00123 0.14974 101.65138
4.19050 1.92850 0.00092 0.14961 264.04552
4.45150 1.81250 0.00125 0.10625 98.20332
3.63950 1.84150 0.00128 0.09590 90.90217
2.56650 1.75450 0.00949 0.01217 170.82415
4.68350 1.81250 0.00120 0.03646 78.24005
2.68250 1.87050 0.00863 0.02179 131.26013
0.68150 1.92850 0.00083 0.35276 280.78339
0.71050 1.69650 0.00151 0.07844 326.92377
2.04450 1.78350 0.00677 0.03490 343.81334
3.08850 1.75450 0.00551 0.00794 147.65053
1.26150 1.69650 0.00583 0.00212 342.42015
0.97150 1.81250 0.00363 0.03849 241.15073
1.98650 1.78350 0.00686 0.03526 196.96536
0.04350 1.84150 0.00142 0.25708 268.19220
1.58050 1.81250 0.00620 0.01963 220.26892
1.29050 1.92850 0.00593 0.01670 347.58655
0.44950 1.84150 0.00164 0.05645 113.46781
3.20450 1.87050 0.00353 0.04379 267.38199
2.30550 1.89950 0.00830 0.06926 286.50671
1.46450 1.69650 0.00590 0.00388 263.48020
1.87050 1.81250 0.00688 0.05426 227.24048
1.69650 1.69650 0.00654 0.05059 233.51968
0.73950 1.72550 0.00145 0.10293 303.74102
0.79750 1.72550 0.00176 0.04808 312.36186
2.59550 1.89950 0.00931 0.01401 160.91840
0.82650 1.95750 0.00108 0.44815 285.81298
0.15950 1.98650 0.00136 0.22023 91.87873
3.08850 2.01550 0.00468 0.02120 269.48651
4.10350 2.10250 0.00066 0.04562 241.68223
0.01450 1.98650 0.00124 0.27885 269.72672
2.94350 2.13150 0.00577 0.00560 157.97055
1.98650 2.04450 0.00668 0.06155 226.46138
4.42250 2.10250 0.00110 0.12473 269.18233
0.42050 2.10250 0.00129 0.15190 127.44625
0.62350 2.10250 0.00100 0.07685 67.35548
3.26250 2.13150 0.00270 0.09554 266.66382
3.34950 2.13150 0.00198 0.13462 268.40803
4.33550 2.10250 0.00102 0.16192 265.73916
3.63950 2.13150 0.00095 0.00579 96.54790
1.84150 1.95750 0.00664 0.05948 230.54591
1.87050 2.18950 0.00604 0.06514 229.35768
1.63850 1.95750 0.00621 0.03065 207.89436
0.65250 2.21850 0.00087 0.19585 275.79647
4.74150 2.10250 0.00110 0.08520 87.51775
2.13150 2.18950 0.00612 0.04015 355.92963
2.16050 2.07350 0.00640 0.03637 182.17474
3.00150 2.16050 0.00492 0.00646 109.44496
3.17550 2.04450 0.00371 0.05238 265.81774
2.13150 1.95750 0.00664 0.03598 180.00000
1.92850 1.95750 0.00679 0.06033 227.69373
0.36250 2.13150 0.00129 0.16023 117.82849
3.40750 2.16050 0.00158 0.15215 269.51796
3.37850 2.04450 0.00192 0.13973 269.03634
2.45050 2.07350 0.00938 0.04437 84.11467
0.56550 2.01550 0.00126 0.08024 154.56551
2.24750 2.18950 0.00642 0.05603 303.59363
1.66750 2.21850 0.00515 0.04905 221.73540
2.74050 1.95750 0.00802 0.02046 129.26773
3.58150 2.04450 0.00115 0.08649 93.08869
3.75550 2.16050 0.00051 0.42272 272.53812
0.88450 2.13150 0.00104 0.43979 284.19960
1.84150 1.98650 0.00659 0.05931 230.55562
1.14550 2.13150 0.00485 0.01810 332.45817
3.05950 2.07350 0.00482 0.01603 91.39370
1.26150 2.13150 0.00497 0.02496 342.63228
2.01550 2.21850 0.00616 0.05143 211.60385
3.05950 2.18950 0.00406 0.01655 267.12549
3.84250 2.16050 0.00010 0.67708 270.50859
1.29050 2.01550 0.00566 0.02668 347.94874
4.42250 2.16050 0.00108 0.12563 269.50746
0.42050 2.04450 0.00135 0.14669 127.82223
3.49450 2.07350 0.00135 0.14327 91.54783
1.46450 2.01550 0.00580 0.02889 352.38045
1.58050 2.13150 0.00531 0.03416 197.70825
0.68150 2.16050 0.00062 0.39360 280.05056
1.84150 2.01550 0.00652 0.05945 230.51529
2.79850 1.98650 0.00755 0.01673 133.03842
2.76950 2.10250 0.00729 0.01773 131.47784
3.81350 2.07350 0.00017 0.66552 270.44252
3.78450 1.95750 0.00055 0.38214 271.54451
4.04550 2.07350 0.00049 0.17843 275.20606
1.08750 2.04450 0.00482 0.01577 358.94649
1.11650 2.04450 0.00518 0.01778 342.65559
0.24650 2.18950 0.00128 0.18288 99.47674
1.20350 2.04450 0.00542 0.02440 345.30305
4.13250 2.07350 0.00073 0.09187 254.42982
0.50750 2.18950 0.00125 0.10214 144.11409
4.24850 2.18950 0.00089 0.17246 264.06594
4.16150 2.18950 0.00076 0.13526 260.36845
0.44950 2.18950 0.00127 0.11787 133.91726
3.32050 2.21850 0.00190 0.12091 267.34063
3.26250 2.10250 0.00282 0.09481 266.74106
4.56750 2.07350 0.00115 0.03991 99.94145
4.68350 2.18950 0.00110 0.03626 80.44417
4.62550 2.07350 0.00114 0.00716 166.60380
1.60950 2.16050 0.00521 0.03737 207.11365
4.77050 1.95750 0.00004 0.00000 180.00000
4.74150 2.18950 0.00108 0.08500 87.50518
0.10150 2.45050 0.00141 0.20571 266.37954
3.00150 2.47950 0.00280 0.00467 231.87726
2.21850 2.27650 0.00624 0.06624 303.98995
4.10350 2.33450 0.00074 0.10142 268.66660
2.01550 2.27650 0.00595 0.04551 201.33851
2.01550 2.39250 0.00554 0.03582 356.60724
1.43550 2.30550 0.00432 0.01942 189.42352
2.45050 2.39250 0.00701 0.03843 275.58450
0.44950 2.45050 0.00141 0.08230 248.85403
1.49350 2.30550 0.00441 0.02532 202.52413
4.24850 2.33450 0.00089 0.16697 269.53330
4.39350 2.33450 0.00102 0.13416 92.59752
3.58150 2.47950 0.00108 0.14355 265.86149
1.81250 2.42150 0.00526 0.06119 224.41071
0.82650 2.33450 0.00127 0.17120 287.68883
3.55250 2.36350 0.00108 0.14524 268.80856
2.56650 2.39250 0.00669 0.01000 34.40523
1.89950 2.30550 0.00579 0.05851 222.00031
4.13250 2.47950 0.00087 0.14563 96.68386
3.87150 2.36350 0.00065 0.03803 284.28110
3.05950 2.39250 0.00266 0.01446 247.12405
2.04450 2.42150 0.00540 0.03687 338.35442
0.07250 2.24750 0.00123 0.26280 269.29796
0.01450 2.47950 0.00134 0.25661 269.07336
4.45150 2.47950 0.00103 0.09206 99.67412
3.40750 2.27650 0.00143 0.14836 268.48596
3.37850 2.39250 0.00140 0.12708 265.29664
4.33550 2.36350 0.00097 0.15080 92.39433
0.36250 2.24750 0.00132 0.10914 114.37878
2.47950 2.42150 0.00665 0.03014 271.10280
3.61050 2.39250 0.00100 0.13377 268.47499
4.77050 2.36350 0.00004 0.00000 180.00000
3.58150 2.27650 0.00102 0.11980 91.02354
4.53850 2.36350 0.00107 0.06262 99.82936
0.91350 2.47950 0.00226 0.04275 256.59757
1.60950 2.45050 0.00442 0.05804 223.33830
0.07250 2.39250 0.00134 0.24095 267.33103
1.11650 2.36350 0.00399 0.01421 316.51119
0.13050 2.39250 0.00138 0.19246 265.78967
1.23250 2.24750 0.00441 0.01666 332.71225
1.26150 2.47950 0.00365 0.02110 184.34872
2.91450 2.30550 0.00471 0.00527 166.17460
4.21950 2.27650 0.00085 0.16356 266.41755
0.36250 2.39250 0.00144 0.08115 265.58992
4.36450 2.39250 0.00099 0.13830 94.09241
3.37850 2.30550 0.00148 0.13724 267.46094
0.62350 2.39250 0.00112 0.05684 278.47793
2.24750 2.33450 0.00636 0.08372 296.59566
0.71050 2.27650 0.00074 0.39515 281.53117
3.72650 2.30550 0.00077 0.01805 294.69090
0.79750 2.27650 0.00095 0.37600 284.54664
1.89950 2.36350 0.00564 0.05323 218.32529
4.77050 2.39250 0.00004 0.00000 180.00000
3.81350 2.30550 0.00060 0.13601 275.27338
1.17450 2.50850 0.00357 0.01984 354.09683
2.01550 2.24750 0.00606 0.04890 206.96333
0.30450 2.30550 0.00137 0.10802 97.09936
1.20350 2.39250 0.00386 0.01468 341.89838
2.94350 2.45050 0.00348 0.00222 158.29456
0.18850 2.30550 0.00134 0.17294 268.43609
2.53750 2.47950 0.00593 0.01717 73.38068
0.33350 2.30550 0.00137 0.09852 100.85258
1.34850 2.27650 0.00434 0.01677 348.06032
1.29050 2.39250 0.00387 0.01565 357.80303
2.27650 2.36350 0.00647 0.08509 293.71227
4.45150 2.30550 0.00106 0.10982 93.74849
1.87050 2.50850 0.00516 0.04782 218.00109
3.78450 2.33450 0.00070 0.03499 286.67415
1.69650 2.27650 0.00510 0.05741 226.36930
4.77050 2.30550 0.00004 0.00000 180.00000
2.76950 2.36350 0.00564 0.01674 134.68532
1.75450 2.50850 0.00486 0.06494 224.17023
1.17450 2.65350 0.00333 0.02463 359.69759
0.15950 2.56650 0.00157 0.09683 262.72012
2.13150 2.50850 0.00504 0.05401 310.47932
1.14550 2.76950 0.00318 0.02907 359.68465
0.97150 2.53750 0.00309 0.01605 202.98772
3.95850 2.68250 0.00099 0.06196 100.90369
4.36450 2.68250 0.00102 0.06787 110.02349
0.56550 2.56650 0.00145 0.11449 229.66196
4.42250 2.56650 0.00102 0.08496 102.99917
4.21950 2.68250 0.00100 0.08256 109.28644
1.49350 2.53750 0.00393 0.04714 211.97060
4.27750 2.56650 0.00098 0.12245 101.09336
2.56650 2.62450 0.00460 0.02318 76.58117
1.78350 2.53750 0.00488 0.06227 223.30174
3.72650 2.71150 0.00116 0.03658 231.64838
2.59550 2.50850 0.00552 0.01026 24.46706
2.71150 2.50850 0.00504 0.01813 137.90705
0.68150 2.56650 0.00141 0.09152 214.11548
4.01650 2.71150 0.00100 0.05207 108.48715
2.94350 2.62450 0.00307 0.00665 159.76663
1.11650 2.68250 0.00328 0.02449 356.55936
4.13250 2.59550 0.00095 0.12277 101.99730
1.00050 2.56650 0.00335 0.01841 343.29777
1.02950 2.56650 0.00347 0.02005 335.69797
1.43550 2.56650 0.00375 0.04111 204.58238
1.52250 2.56650 0.00396 0.05320 213.12546
0.42050 2.71150 0.00202 0.03358 194.85559
3.32050 2.62450 0.00138 0.05923 244.81947
2.45050 2.53750 0.00539 0.04800 279.70371
0.47850 2.59550 0.00161 0.10507 241.55188
0.73950 2.71150 0.00215 0.06897 237.95763
2.79850 2.65350 0.00391 0.01950 139.11819
3.55250 2.62450 0.00119 0.08691 251.25442
1.63850 2.56650 0.00433 0.06615 220.37114
3.78450 2.62450 0.00102 0.08939 265.47004
4.56750 2.59550 0.00105 0.02970 114.78727
3.08850 2.65350 0.00207 0.00839 239.39939
4.07450 2.74050 0.00100 0.04347 114.89666
4.07450 2.62450 0.00096 0.10991 103.13098
0.10150 2.62450 0.00153 0.15941 266.95793
3.92950 2.74050 0.00102 0.02670 94.36085
3.84250 2.62450 0.00100 0.09115 90.67263
3.20450 2.53750 0.00159 0.04779 247.44837
1.43550 2.71150 0.00345 0.03872 195.36412
4.21950 2.74050 0.00100 0.05523 116.69496
3.43650 2.65350 0.00132 0.06463 245.05273
0.33350 2.74050 0.00201 0.03063 332.27195
3.37850 2.65350 0.00136 0.05851 244.63938
4.74150 2.62450 0.00103 0.07773 87.48579
2.82750 2.68250 0.00369 0.01913 140.76959
4.62550 2.50850 0.00106 0.01084 152.41867
3.66850 2.53750 0.00103 0.12686 265.12984
4.56750 2.50850 0.00106 0.03843 108.60469
2.76950 2.56650 0.00441 0.01842 137.48573
0.21750 2.53750 0.00162 0.04909 252.11127
3.92950 2.65350 0.00099 0.07791 97.32297
0.10150 2.65350 0.00154 0.15168 267.02970
2.18950 2.59550 0.00469 0.05527 307.00673
4.13250 2.76950 0.00100 0.03470 124.37246
3.14650 2.56650 0.00175 0.02939 240.41712
4.45150 2.76950 0.00103 0.03368 121.22634
0.62350 2.53750 0.00134 0.09385 210.03188
0.44950 2.76950 0.00213 0.03664 357.48124
0.47850 2.76950 0.00216 0.03906 187.35426
2.39250 2.59550 0.00476 0.07125 286.64687
0.42050 2.65350 0.00184 0.05247 230.39714
3.78450 2.56650 0.00097 0.11348 268.77296
1.75450 2.62450 0.00453 0.06556 222.06971
0.94250 2.53750 0.00274 0.02966 243.94458
1.78350 2.74050 0.00419 0.06625 221.74486
2.56650 2.71150 0.00404 0.03396 83.82937
4.68350 2.53750 0.00105 0.03180 77.96565
0.18850 2.79850 0.00176 0.02174 238.40804
1.23250 2.88550 0.00312 0.03656 359.60821
4.01650 3.03050 0.00101 0.01121 187.89872
1.17450 3.00150 0.00298 0.04192 184.55594
0.13050 2.91450 0.00163 0.05741 266.57494
3.03050 2.94350 0.00274 0.02449 155.53862
0.33350 3.03050 0.00173 0.01291 320.68874
3.32050 2.82750 0.00186 0.01150 166.83364
1.34850 3.00150 0.00310 0.04147 355.93505
1.55150 2.88550 0.00323 0.03662 191.08289
4.24850 3.03050 0.00101 0.00153 296.73209
3.43650 2.94350 0.00212 0.02682 2.56473
1.78350 2.88550 0.00361 0.06013 218.58540
3.58150 2.94350 0.00202 0.02108 171.54316
0.79750 2.79850 0.00290 0.03705 189.86912
4.56750 2.79850 0.00104 0.01110 156.71334
0.73950 2.79850 0.00273 0.04262 200.99504
4.65450 2.91450 0.00103 0.02774 80.76858
4.13250 2.94350 0.00101 0.00206 273.88791
3.90050 2.82750 0.00104 0.00879 192.28139
4.10350 2.82750 0.00101 0.01220 145.72371
4.07450 2.94350 0.00101 0.00411 326.81251
1.92850 2.88550 0.00387 0.06329 225.11523
0.18850 3.05950 0.00167 0.00699 354.50140
4.27750 2.82750 0.00101 0.02677 134.63680
4.42250 2.94350 0.00102 0.01079 163.69733
4.39350 2.82750 0.00102 0.02777 130.01952
1.55150 3.03050 0.00310 0.03699 351.07247
4.16150 2.94350 0.00101 0.00241 54.13018
3.29150 2.85650 0.00200 0.01691 4.30774
4.65450 2.82750 0.00103 0.02482 77.07806
2.74050 3.00150 0.00291 0.02123 49.14407
3.52350 2.97250 0.00212 0.02690 177.55022
4.71250 2.94350 0.00102 0.05261 87.16750
1.63850 2.79850 0.00360 0.05504 210.11031
3.58150 2.85650 0.00182 0.01042 152.99214
1.17450 2.82750 0.00314 0.03297 180.08689
0.30450 2.85650 0.00194 0.02784 316.36808
0.07250 2.85650 0.00155 0.13494 269.08280
2.07350 3.03050 0.00350 0.05872 228.29273
0.15950 2.97250 0.00166 0.02208 257.60626
1.14550 2.94350 0.00304 0.03986 181.81146
4.24850 2.97250 0.00101 0.00382 21.99648
0.62350 2.85650 0.00255 0.03644 183.80780
3.23350 3.00150 0.00242 0.02680 175.48489
4.27750 2.85650 0.00101 0.02017 144.30052
2.42150 2.91450 0.00338 0.05849 291.01008
4.42250 2.97250 0.00102 0.00887 178.77288
2.82750 3.03050 0.00283 0.01808 174.86008
1.84150 2.94350 0.00350 0.05891 220.31859
4.56750 2.85650 0.00103 0.00907 6.26349
0.79750 2.85650 0.00303 0.03370 183.81068
1.87050 2.94350 0.00355 0.06137 222.64923
1.60950 2.94350 0.00318 0.03656 189.57311
1.98650 2.94350 0.00373 0.06193 226.57679
2.21850 2.94350 0.00371 0.03341 203.10401
2.97250 2.91450 0.00288 0.02468 149.86056
4.04550 2.88550 0.00101 0.00159 290.26049
1.08750 2.85650 0.00311 0.03453 359.80088
1.00050 2.85650 0.00311 0.03347 359.65763
2.45050 2.94350 0.00327 0.06285 287.17511
4.24850 3.00150 0.00101 0.00201 45.80693
0.50750 2.88550 0.00208 0.02661 329.54210
2.42150 3.05950 0.00317 0.04140 300.61010
2.45050 3.05950 0.00311 0.05032 292.50338
2.33450 2.94350 0.00350 0.03268 321.54831
3.58150 2.91450 0.00197 0.01857 170.17252
4.71250 2.88550 0.00102 0.05215 86.66902
1.66750 2.85650 0.00346 0.05095 208.67777
3.81350 2.91450 0.00115 0.01162 359.30972
2.62450 2.94350 0.00308 0.04487 82.97160
3.61050 3.03050 0.00206 0.02386 169.54263
0.07250 3.14650 0.00157 0.05248 90.57862
2.94350 3.17550 0.00253 0.02283 152.92991
1.92850 3.32050 0.00276 0.02825 359.95944
0.97150 3.11750 0.00256 0.00952 199.06287
3.14650 3.29150 0.00228 0.02935 142.54448
4.13250 3.14650 0.00101 0.01229 197.13702
2.27650 3.08850 0.00333 0.03275 207.55888
0.47850 3.14650 0.00167 0.01882 112.13501
1.46450 3.23350 0.00273 0.03269 345.10923
2.42150 3.08850 0.00313 0.03816 303.57345
2.33450 3.32050 0.00293 0.03470 218.67012
3.40750 3.29150 0.00177 0.04209 59.64558
3.55250 3.05950 0.00213 0.02988 172.40409
2.79850 3.20450 0.00248 0.02424 52.66203
3.58150 3.05950 0.00210 0.02805 171.30663
1.87050 3.11750 0.00303 0.04068 204.95222
0.94250 3.26250 0.00202 0.02451 42.47024
3.66850 3.29150 0.00146 0.02121 74.94155
0.13050 3.17550 0.00161 0.01058 247.19262
2.10250 3.23350 0.00298 0.05275 226.52865
2.97250 3.32050 0.00235 0.02147 157.83182
0.07250 3.17550 0.00157 0.04384 90.20911
4.04550 3.29150 0.00101 0.02612 209.87276
0.30450 3.29150 0.00164 0.01872 263.12928
0.36250 3.29150 0.00164 0.02907 95.21049
1.58050 3.14650 0.00298 0.04093 341.86605
4.27750 3.29150 0.00101 0.01268 202.74156
1.29050 3.14650 0.00280 0.04185 192.61494
0.33350 3.29150 0.00164 0.02481 90.23094
3.29150 3.32050 0.00201 0.02708 3.53542
3.69750 3.20450 0.00163 0.01121 178.82460
2.65350 3.11750 0.00267 0.05310 84.58576
4.68350 3.17550 0.00101 0.04333 88.06926
4.59650 3.29150 0.00101 0.02391 270.00000
3.55250 3.08850 0.00212 0.03118 171.66459
3.55250 3.32050 0.00144 0.05818 275.18730
3.90050 3.32050 0.00101 0.02426 352.77832
4.04550 3.08850 0.00101 0.01305 194.41956
2.04450 3.26250 0.00288 0.04502 218.05358
2.13150 3.26250 0.00295 0.05261 227.48821
0.13050 3.08850 0.00162 0.02416 263.89292
1.26150 3.17550 0.00270 0.03697 199.61109
4.30650 3.32050 0.00101 0.01224 200.92322
4.16150 3.08850 0.00101 0.00790 186.39626
0.50750 3.20450 0.00167 0.02829 114.62663
4.30650 3.20450 0.00101 0.00683 186.05293
3.37850 3.23350 0.00204 0.03886 0.84036
4.33550 3.32050 0.00101 0.01034 194.45298
4.74150 3.20450 0.00100 0.07301 89.24656
0.94250 3.08850 0.00262 0.01221 194.46883
4.56750 3.20450 0.00101 0.01819 86.43742
2.85650 3.14650 0.00259 0.01795 2.68228
4.56750 3.08850 0.00102 0.01541 77.02767
2.65350 3.26250 0.00250 0.06128 87.95192
0.24650 3.34950 0.00163 0.01006 241.49864
3.90050 3.11750 0.00102 0.01933 185.22395
4.04550 3.11750 0.00101 0.01472 197.88109
2.16050 3.29150 0.00291 0.05166 227.89491
0.24650 3.23350 0.00165 0.00752 193.61129
0.07250 3.23350 0.00158 0.02713 268.07748
2.47950 3.17550 0.00294 0.04517 292.35736
0.36250 3.23350 0.00165 0.02313 92.40347
0.59450 3.23350 0.00168 0.02977 128.08263
3.40750 3.26250 0.00190 0.03717 31.00869
1.40650 3.32050 0.00233 0.05718 58.57566
4.33550 3.23350 0.00101 0.00667 180.85894
0.73950 3.23350 0.00175 0.02354 1.36335
0.71050 3.23350 0.00173 0.02349 168.23569
0.68150 3.11750 0.00181 0.01625 37.12370
4.62550 3.11750 0.00102 0.02622 84.66117
2.65350 3.17550 0.00258 0.05735 86.12080
2.74050 3.17550 0.00253 0.03521 70.73145
0.24650 3.61050 0.00163 0.00841 122.02705
1.11650 3.46550 0.00196 0.12648 76.64276
1.00050 3.34950 0.00205 0.05866 77.40657
3.92950 3.49450 0.00100 0.03612 358.14370
2.97250 3.52350 0.00215 0.02037 8.95362
3.90050 3.49450 0.00100 0.03427 342.68587
0.50750 3.37850 0.00166 0.04925 109.09349
2.30550 3.55250 0.00262 0.04332 224.99065
4.16150 3.49450 0.00100 0.03442 218.84437
4.45150 3.49450 0.00100 0.01022 338.30265
0.33350 3.49450 0.00163 0.02962 102.67567
0.42050 3.61050 0.00164 0.03533 112.36161
3.75550 3.40750 0.00110 0.11573 270.34655
0.79750 3.37850 0.00173 0.03002 156.67111
4.56750 3.37850 0.00100 0.01997 275.45937
0.79750 3.61050 0.00172 0.03121 130.30859
0.65250 3.61050 0.00169 0.04330 117.02076
4.65450 3.37850 0.00100 0.03684 89.96889
3.98750 3.52350 0.00100 0.04266 195.84762
3.95850 3.52350 0.00100 0.04138 187.75020
2.10250 3.46550 0.00262 0.03537 206.97078
2.07350 3.34950 0.00275 0.03995 213.60653
1.98650 3.46550 0.00261 0.02635 356.14832
1.02950 3.49450 0.00192 0.10660 80.99803
4.21950 3.40750 0.00100 0.02366 214.82535
3.49450 3.55250 0.00145 0.12083 270.92948
0.62350 3.40750 0.00169 0.05132 116.84963
2.50850 3.58150 0.00261 0.01797 357.51183
3.43650 3.43650 0.00132 0.14637 273.05085
3.32050 3.43650 0.00167 0.06846 84.65251
4.65450 3.52350 0.00100 0.03763 272.05573
1.72550 3.49450 0.00252 0.01657 310.22620
0.88450 3.52350 0.00176 0.02071 8.32966
1.89950 3.37850 0.00271 0.02569 342.39721
2.79850 3.58150 0.00217 0.05058 73.84764
3.63950 3.55250 0.00126 0.12393 273.92356
2.10250 3.61050 0.00249 0.03568 198.31306
3.11750 3.46550 0.00217 0.02442 136.97493
1.05850 3.52350 0.00192 0.11745 80.11183
1.95750 3.49450 0.00259 0.02553 346.45364
2.01550 3.61050 0.00248 0.03107 181.99209
2.13150 3.61050 0.00249 0.03771 203.34225
2.42150 3.37850 0.00283 0.02234 190.20852
1.58050 3.52350 0.00225 0.07135 87.35696
2.27650 3.61050 0.00255 0.04352 220.86264
1.52250 3.52350 0.00223 0.06284 85.50060
0.53650 3.55250 0.00166 0.04899 112.09895
2.50850 3.49450 0.00266 0.01973 328.53327
3.63950 3.34950 0.00127 0.10345 271.54546
4.71250 3.43650 0.00100 0.05602 89.56022
3.69750 3.46550 0.00110 0.12525 275.03830
4.68350 3.55250 0.00099 0.04610 271.05654
2.74050 3.49450 0.00225 0.05541 81.07145
0.85550 3.55250 0.00174 0.02350 156.44602
3.98750 3.46550 0.00100 0.03833 199.11088
0.21750 3.58150 0.00163 0.00198 138.07746
2.01550 3.52350 0.00256 0.02796 180.10246
3.03050 3.61050 0.00210 0.02171 175.82600
4.10350 3.34950 0.00101 0.02792 214.41868
0.10150 3.46550 0.00161 0.02038 283.88620
2.27650 3.52350 0.00264 0.04451 225.10012
4.36450 3.34950 0.00101 0.00969 187.58683
4.39350 3.34950 0.00101 0.00817 352.47487
4.21950 3.34950 0.00101 0.02000 211.90214
4.24850 3.46550 0.00100 0.02490 216.01384
4.30650 3.58150 0.00100 0.02520 213.75313
4.59650 3.46550 0.00100 0.02511 275.48359
3.55250 3.37850 0.00123 0.14605 275.40611
3.63950 3.61050 0.00131 0.11746 273.32378
2.56650 3.40750 0.00263 0.04231 284.99858
4.65450 3.46550 0.00100 0.03737 271.13473
3.69750 3.49450 0.00110 0.12745 275.28519
4.04550 3.84250 0.00098 0.03411 209.41358
3.84250 3.61050 0.00100 0.06703 292.00774
4.10350 3.72650 0.00098 0.04357 215.13101
0.04350 3.72650 0.00161 0.04909 270.32680
3.08850 3.63950 0.00209 0.02226 157.99786
2.88550 3.87150 0.00213 0.04437 62.49945
2.53750 3.78450 0.00245 0.02267 200.85783
4.30650 3.72650 0.00099 0.02983 206.66812
1.58050 3.69750 0.00235 0.04808 182.30061
3.26250 3.87150 0.00200 0.02522 174.44766
0.59450 3.84250 0.00168 0.00840 281.81838
4.33550 3.72650 0.00099 0.02729 202.69415
4.62550 3.61050 0.00099 0.03159 276.76282
2.76950 3.78450 0.00225 0.03883 81.93249
4.56750 3.72650 0.00099 0.02355 295.01983
0.85550 3.84250 0.00176 0.03306 274.12884
0.76850 3.84250 0.00173 0.01429 83.45175
4.77050 3.84250 0.00004 0.00000 180.00000
1.98650 3.69750 0.00241 0.03670 186.61773
3.17550 3.66850 0.00206 0.02201 136.25177
0.10150 3.87150 0.00162 0.03864 271.76490
2.07350 3.81350 0.00235 0.04716 198.91906
0.18850 3.87150 0.00162 0.02884 270.67544
3.11750 3.66850 0.00207 0.02257 153.18515
4.30650 3.87150 0.00098 0.03423 356.85174
3.23350 3.66850 0.00203 0.01882 126.24893
1.34850 3.84250 0.00227 0.04019 352.04733
1.58050 3.84250 0.00230 0.04351 194.20871
4.24850 3.87150 0.00097 0.03562 183.44391
3.29150 3.66850 0.00195 0.01034 34.19737
3.81350 3.66850 0.00100 0.11147 277.33413
3.72650 3.66850 0.00120 0.10651 274.06492
4.48050 3.75550 0.00099 0.01932 333.06351
4.74150 3.75550 0.00098 0.07454 270.83020
4.65450 3.63950 0.00099 0.03839 274.37696
4.48050 3.87150 0.00098 0.02955 323.19991
0.97150 3.87150 0.00194 0.13941 282.89481
2.21850 3.72650 0.00244 0.04507 210.45136
3.95850 3.78450 0.00100 0.03010 345.29423
3.92950 3.66850 0.00100 0.05231 338.78635
0.15950 3.78450 0.00163 0.01939 81.13029
0.24650 3.78450 0.00163 0.00848 53.34641
1.40650 3.63950 0.00230 0.01709 346.25649
3.32050 3.69750 0.00191 0.02885 75.40503
2.24750 3.72650 0.00245 0.04512 212.78482
2.50850 3.84250 0.00241 0.02915 207.36492
2.42150 3.72650 0.00250 0.03414 217.72925
0.33350 3.90050 0.00163 0.03465 278.86432
0.76850 3.78450 0.00172 0.00771 175.31046
0.79750 3.78450 0.00173 0.00807 14.93142
4.50950 3.66850 0.00099 0.01578 317.51631
0.76850 3.90050 0.00173 0.03089 281.44451
3.63950 3.81350 0.00154 0.09502 84.01340
0.94250 3.66850 0.00180 0.07511 83.27902
1.23250 3.78450 0.00231 0.09170 290.11655
1.00050 3.90050 0.00207 0.08083 291.32097
2.04450 3.75550 0.00238 0.04297 195.57907
0.27550 3.69750 0.00163 0.01013 137.15957
4.04550 3.69750 0.00099 0.04642 207.71887
2.94350 3.84250 0.00207 0.04706 52.68452
2.36350 3.87150 0.00238 0.04293 209.45518
1.55150 3.66850 0.00232 0.05557 354.98292
2.27650 3.75550 0.00244 0.04490 213.19453
0.36250 3.69750 0.00164 0.01914 120.16810
2.30550 3.63950 0.00254 0.04299 221.23733
0.62350 3.69750 0.00168 0.02902 118.34889
1.66750 3.66850 0.00240 0.03110 355.59282
1.63850 3.66850 0.00238 0.03611 354.70933
1.78350 3.66850 0.00245 0.02926 349.16624
2.85650 3.75550 0.00213 0.04740 65.94423
1.60950 3.78450 0.00234 0.04455 189.53633
0.85550 3.69750 0.00174 0.01389 175.29118
4.07450 4.07450 0.00096 0.04553 305.87563
3.08850 4.10350 0.00211 0.06495 52.89017
3.11750 3.98750 0.00204 0.05278 38.79373
0.10150 3.95850 0.00160 0.05677 276.35134
3.05950 4.10350 0.00213 0.06189 54.97461
0.15950 4.07450 0.00156 0.12084 89.04690
3.46550 4.10350 0.00182 0.07820 63.63156
2.53750 4.01650 0.00235 0.02761 181.72251
1.58050 4.04550 0.00205 0.08644 87.16838
1.37750 4.04550 0.00207 0.04492 271.50542
0.59450 4.07450 0.00165 0.09850 285.36531
2.27650 3.90050 0.00236 0.04774 205.29822
1.84150 4.16150 0.00226 0.09131 275.12058
2.65350 3.90050 0.00234 0.01657 346.91986
2.62450 3.90050 0.00235 0.01913 181.82733
4.74150 3.95850 0.00097 0.08632 273.71959
2.65350 4.13250 0.00236 0.05414 87.32151
2.68250 4.01650 0.00232 0.01746 332.43707
3.03050 4.01650 0.00209 0.05257 49.00271
3.05950 4.01650 0.00207 0.05423 46.38224
3.14650 3.90050 0.00202 0.03927 23.26181
1.11650 4.07450 0.00194 0.06432 76.11067
2.13150 3.92950 0.00233 0.05005 199.95181
2.16050 4.04550 0.00235 0.03426 359.31436
3.49450 4.13250 0.00169 0.10404 77.40370
0.62350 4.10350 0.00164 0.11120 285.47971
0.50750 3.98750 0.00165 0.06239 285.66029
0.59450 3.98750 0.00167 0.06067 288.21993
4.30650 3.98750 0.00097 0.04929 326.85479
0.44950 4.10350 0.00161 0.11991 278.03009
2.82750 3.92950 0.00221 0.03042 75.35615
3.81350 4.01650 0.00113 0.06352 273.45704
0.65250 4.10350 0.00165 0.10998 286.22019
2.71150 4.16150 0.00234 0.09294 78.27899
1.66750 4.07450 0.00200 0.11924 77.17358
2.79850 4.16150 0.00233 0.09158 78.81767
2.97250 3.92950 0.00208 0.04871 51.19141
3.14650 4.16150 0.00217 0.09751 61.81864
2.91450 3.92950 0.00213 0.04322 59.04306
3.87150 4.13250 0.00099 0.05897 286.27769
0.04350 4.13250 0.00152 0.14831 79.71139
1.92850 4.07450 0.00233 0.02751 339.02229
1.37750 4.10350 0.00194 0.08410 55.04202
2.45050 4.07450 0.00237 0.02649 316.83577
4.33550 4.13250 0.00096 0.09313 299.46634
0.36250 4.01650 0.00161 0.08642 278.17605
2.30550 3.95850 0.00235 0.04602 201.06164
3.37850 4.16150 0.00200 0.11265 64.58367
4.48050 4.13250 0.00096 0.09104 301.25950
2.56650 3.95850 0.00235 0.02703 193.95912
3.75550 4.16150 0.00101 0.08543 288.42434
2.68250 3.95850 0.00232 0.01593 340.02919
4.65450 3.90050 0.00098 0.04866 282.46239
2.71150 4.07450 0.00233 0.02488 292.04944
2.10250 3.98750 0.00233 0.04575 195.30894
2.94350 3.95850 0.00212 0.04487 55.69010
4.01650 4.04550 0.00096 0.02929 313.85175
0.10150 4.04550 0.00157 0.09277 273.33092
0.27550 3.92950 0.00162 0.04833 277.64557
1.11650 4.01650 0.00207 0.03355 303.74690
4.24850 4.16150 0.00095 0.11387 287.45158
4.42250 4.04550 0.00097 0.06358 310.99519
3.34950 4.07450 0.00196 0.06356 42.16879
3.37850 3.95850 0.00195 0.03151 14.61399
3.49450 3.95850 0.00183 0.03273 28.35056
2.24750 4.10350 0.00236 0.03279 291.61968
0.76850 4.16150 0.00164 0.14199 285.51029
4.77050 3.92950 0.00004 0.00000 180.00000
4.77050 4.04550 0.00004 0.00000 180.00000
4.50950 3.92950 0.00098 0.03826 311.73676
0.91350 4.16150 0.00168 0.12238 275.02064
0.82650 4.04550 0.00173 0.07969 285.96515
