0.42500 0.02500 0.79694 0.04992 1.87130
0.17500 0.02500 0.79664 0.02528 0.67990
0.12500 0.02500 0.76322 0.00000 180.00000
0.07500 0.07500 0.79677 0.00827 341.23640
0.22500 0.07500 0.79654 0.03922 6.13210
0.37500 0.12500 0.79659 0.05446 15.71560
0.27500 0.22500 0.79648 0.04530 9.47896
0.32500 0.37500 0.79663 0.05007 13.52555
0.02500 0.32500 0.79687 0.05030 270.75175
0.17500 0.37500 0.79671 0.03728 323.92630
1.07500 0.27500 0.80199 0.06255 332.61562
0.77500 0.17500 0.79786 0.04868 359.44683
0.77500 0.37500 0.79756 0.05701 356.51019
0.62500 0.17500 0.79673 0.05759 19.84456
1.02500 0.17500 0.80173 0.05794 337.17018
0.57500 0.27500 0.79663 0.06015 28.42269
0.92500 0.12500 0.79912 0.05143 350.53218
0.62500 0.07500 0.79713 0.05596 9.29735
0.97500 0.42500 0.80018 0.06784 332.53216
1.07500 0.17500 0.80265 0.05799 344.53777
1.22500 0.12500 0.80481 0.06591 346.34536
1.27500 0.02500 0.80265 0.06490 357.40345
1.47500 0.12500 0.81078 0.07871 351.48075
1.12500 0.32500 0.80619 0.06773 327.99013
1.37500 0.17500 0.80976 0.06790 340.70318
1.47500 0.17500 0.81163 0.07392 345.10653
1.22500 0.32500 0.80815 0.06581 329.13628
1.62500 0.37500 0.81132 0.05995 340.00546
1.42500 0.12500 0.81083 0.07863 349.04017
1.22500 0.07500 0.80253 0.06908 352.48921
1.82500 0.32500 0.81236 0.06651 353.18699
1.97500 0.07500 0.81263 0.07627 1.22463
1.77500 0.17500 0.81398 0.08191 356.27619
1.87500 0.42500 0.81116 0.05998 357.04696
1.67500 0.12500 0.81331 0.08602 356.35428
1.92500 0.32500 0.81229 0.07057 1.72144
2.17500 0.32500 0.81373 0.08724 20.14864
1.72500 0.02500 0.81130 0.08958 358.85500
1.97500 0.17500 0.81420 0.08061 6.13140
1.82500 0.22500 0.81355 0.07550 355.36556
2.27500 0.37500 0.81362 0.08969 20.75866
2.57500 0.42500 0.81198 0.10317 23.57850
2.52500 0.32500 0.81286 0.09676 21.77172
2.52500 0.22500 0.81247 0.09228 14.86902
2.47500 0.22500 0.81271 0.09351 15.76191
2.52500 0.07500 0.81020 0.08820 8.62071
2.22500 0.22500 0.81425 0.08404 16.96438
2.27500 0.17500 0.81411 0.08955 15.65802
2.67500 0.27500 0.80863 0.10374 21.60141
2.27500 0.42500 0.81345 0.08698 21.58000
2.87500 0.12500 0.80416 0.04916 17.56885
2.77500 0.22500 0.80667 0.08096 22.53603
3.12500 0.12500 0.80045 0.02685 25.45784
3.27500 0.32500 0.80057 0.04539 59.71812
3.07500 0.27500 0.80306 0.05283 29.58345
3.27500 0.07500 0.79584 0.01371 146.12443
2.77500 0.07500 0.80357 0.04527 10.62976
2.97500 0.27500 0.80451 0.06725 30.19082
2.82500 0.37500 0.80746 0.09913 25.10698
2.82500 0.02500 0.80354 0.03691 3.55697
3.77500 0.12500 0.79780 0.03341 124.89366
3.42500 0.32500 0.79701 0.06128 86.96903
3.67500 0.12500 0.79794 0.02765 142.62854
3.62500 0.22500 0.79728 0.03502 114.33293
3.32500 0.17500 0.79776 0.03024 75.01244
3.77500 0.32500 0.79727 0.03320 60.87164
3.32500 0.32500 0.79932 0.04884 69.41649
3.62500 0.07500 0.79813 0.03692 161.44236
3.67500 0.42500 0.79632 0.06513 83.20125
3.67500 0.22500 0.79753 0.02683 94.83282
3.92500 0.42500 0.79717 0.04357 36.64899
4.37500 0.02500 0.79657 0.12032 182.28166
3.87500 0.37500 0.79715 0.04641 30.56570
4.02500 0.32500 0.79716 0.05206 359.91195
4.02500 0.22500 0.79731 0.01543 12.19851
4.32500 0.37500 0.79734 0.05024 309.63765
3.97500 0.12500 0.79764 0.02178 153.81150
4.12500 0.22500 0.79696 0.02424 316.45423
4.17500 0.12500 0.79719 0.05101 193.50229
4.37500 0.37500 0.79765 0.05712 306.09744
4.57500 0.07500 0.79564 0.11419 184.48029
4.92500 0.22500 0.79831 0.01195 275.28124
4.82500 0.42500 0.79903 0.03145 312.86078
4.87500 0.37500 0.79959 0.02526 313.54024
4.67500 0.07500 0.79482 0.12404 186.46211
4.67500 0.22500 0.79860 0.03890 208.24489
4.62500 0.07500 0.79506 0.11761 190.12227
4.77500 0.02500 0.79354 0.10908 179.73737
4.42500 0.42500 0.79791 0.04592 318.39030
4.47500 0.32500 0.79808 0.03928 309.94939
5.17500 0.37500 0.79773 0.02123 301.33872
5.07500 0.42500 0.79960 0.01459 306.66564
5.27500 0.22500 0.79566 0.02512 270.82106
5.12500 0.22500 0.79662 0.00200 71.65557
5.42500 0.07500 0.78861 0.04622 244.92094
5.02500 0.02500 0.79105 0.10496 181.62145
5.47500 0.02500 0.76322 0.00000 180.00000
5.27500 0.02500 0.79046 0.07275 192.77739
5.22500 0.27500 0.79600 0.02115 288.04088
5.17500 0.17500 0.79534 0.00689 174.25633
0.02500 0.47500 0.79710 0.06432 274.95006
0.32500 0.72500 0.79706 0.05619 336.53762
0.42500 0.72500 0.79718 0.06237 331.95994
0.02500 0.67500 0.79796 0.07220 270.38884
0.27500 0.47500 0.79688 0.04014 345.02905
0.32500 0.82500 0.79718 0.05132 327.58276
0.02500 0.82500 0.79861 0.08209 270.34898
0.02500 0.77500 0.79832 0.08372 270.18478
0.52500 0.72500 0.79709 0.07394 358.30279
0.07500 0.57500 0.79749 0.06909 279.69138
0.82500 0.57500 0.79816 0.07758 340.49074
0.92500 0.52500 0.80012 0.07553 331.68075
0.82500 0.67500 0.79795 0.08371 346.07830
0.87500 0.47500 0.79915 0.07377 328.28360
0.57500 0.77500 0.79705 0.08628 1.20207
0.87500 0.67500 0.79788 0.08288 348.88260
0.72500 0.67500 0.79783 0.08558 343.62331
0.77500 0.62500 0.79831 0.08123 334.60853
0.77500 0.82500 0.79710 0.10157 351.70158
0.62500 0.67500 0.79705 0.08397 354.17671
1.17500 0.72500 0.80072 0.07741 333.35220
1.17500 0.82500 0.80018 0.08170 334.42601
1.12500 0.52500 0.80266 0.07318 328.75157
1.57500 0.77500 0.80251 0.06789 332.54414
1.17500 0.52500 0.80298 0.07258 328.63143
1.52500 0.77500 0.80227 0.06987 331.30381
1.12500 0.87500 0.79923 0.09141 334.38521
1.47500 0.72500 0.80276 0.06831 331.42033
1.37500 0.72500 0.80261 0.07119 330.01353
1.27500 0.62500 0.80309 0.07541 327.36156
1.87500 0.62500 0.80566 0.05419 352.55628
1.97500 0.52500 0.80756 0.05782 2.34923
1.97500 0.87500 0.80058 0.05861 356.17487
1.82500 0.62500 0.80570 0.05365 346.55951
2.02500 0.77500 0.80267 0.06223 2.88310
1.72500 0.72500 0.80306 0.05991 336.95712
1.67500 0.67500 0.80494 0.06192 330.91394
2.17500 0.72500 0.80413 0.07622 13.65157
2.17500 0.77500 0.80377 0.07419 13.50054
1.72500 0.52500 0.80788 0.05817 336.55956
2.42500 0.82500 0.80444 0.09231 16.45609
2.57500 0.62500 0.80854 0.10950 22.70801
2.72500 0.62500 0.80783 0.11592 22.81112
2.52500 0.87500 0.80456 0.09344 17.77177
2.67500 0.62500 0.80821 0.11355 22.60628
2.22500 0.87500 0.80279 0.07306 9.09616
2.57500 0.67500 0.80734 0.11026 20.27080
2.52500 0.82500 0.80498 0.09935 19.69882
2.27500 0.77500 0.80473 0.07836 19.23966
2.72500 0.57500 0.80890 0.11485 24.02530
2.92500 0.57500 0.80811 0.11175 24.76476
3.17500 0.57500 0.80637 0.09519 38.92772
3.02500 0.77500 0.80739 0.10722 26.75146
2.77500 0.52500 0.80988 0.11424 25.27747
3.17500 0.77500 0.80744 0.10167 35.80694
2.92500 0.82500 0.80643 0.09935 23.96190
3.02500 0.52500 0.80748 0.10682 30.85337
2.87500 0.72500 0.80750 0.11200 23.60565
3.22500 0.67500 0.80685 0.09778 41.97807
3.27500 0.82500 0.80729 0.09973 44.04936
3.77500 0.82500 0.79718 0.08623 91.85425
3.37500 0.87500 0.80546 0.10122 60.97618
3.47500 0.52500 0.79769 0.07573 80.15332
3.57500 0.72500 0.79774 0.09599 85.78212
3.67500 0.72500 0.79713 0.09487 89.59537
3.57500 0.67500 0.79745 0.09062 85.95628
3.42500 0.52500 0.79870 0.07224 75.07880
3.32500 0.87500 0.80676 0.09895 55.38651
3.47500 0.57500 0.79818 0.08288 79.03849
3.52500 0.52500 0.79727 0.07920 81.94356
4.22500 0.72500 0.79787 0.02337 52.00247
4.22500 0.62500 0.79783 0.01961 26.69571
3.92500 0.47500 0.79717 0.04174 57.77200
4.27500 0.62500 0.79787 0.01881 20.93036
4.37500 0.62500 0.79811 0.02307 3.18121
3.97500 0.47500 0.79724 0.03688 47.26339
4.37500 0.72500 0.79809 0.02051 28.95152
4.37500 0.67500 0.79804 0.02079 17.66803
3.87500 0.72500 0.79726 0.07323 89.34281
4.07500 0.47500 0.79726 0.03757 10.73864
4.72500 0.82500 0.79926 0.02091 37.08911
4.52500 0.57500 0.79837 0.03317 336.92841
4.82500 0.47500 0.79887 0.03101 315.03920
4.57500 0.47500 0.79869 0.04041 320.08915
4.42500 0.72500 0.79809 0.02037 18.93301
4.67500 0.67500 0.79916 0.02553 352.27930
4.62500 0.67500 0.79897 0.02742 350.10823
4.62500 0.52500 0.79840 0.04030 318.67229
4.87500 0.67500 0.79807 0.03782 9.20577
4.47500 0.77500 0.79877 0.02101 26.21138
5.22500 0.72500 0.79157 0.00865 342.86320
5.47500 0.57500 0.78010 0.10197 270.48321
5.42500 0.77500 0.77658 0.09962 271.08711
5.32500 0.52500 0.79457 0.03735 287.81889
5.27500 0.52500 0.79480 0.02884 282.53743
5.42500 0.57500 0.78021 0.09606 269.19475
5.22500 0.82500 0.79134 0.01041 355.59285
5.32500 0.77500 0.78793 0.02542 290.51648
5.17500 0.72500 0.79229 0.00884 335.84019
5.22500 0.47500 0.79518 0.01725 268.47159
0.27500 1.12500 0.79764 0.05378 299.58235
0.07500 1.17500 0.80004 0.08023 270.48561
0.47500 1.27500 0.79833 0.05723 336.33737
0.12500 1.07500 0.79825 0.06804 279.45679
0.12500 1.12500 0.79825 0.06667 280.84138
0.37500 1.12500 0.79785 0.05868 318.56514
0.02500 1.02500 0.79933 0.07737 270.00741
0.47500 1.07500 0.79769 0.06430 331.00338
0.07500 0.92500 0.79887 0.08010 273.24927
0.52500 1.07500 0.79796 0.06691 328.41213
1.02500 1.32500 0.79730 0.08517 4.37703
0.62500 1.02500 0.79762 0.09018 347.99355
0.77500 1.32500 0.79797 0.07925 0.52053
0.97500 1.17500 0.79746 0.09950 358.01872
0.67500 1.27500 0.79785 0.07446 356.95122
0.82500 1.27500 0.79774 0.08693 359.86818
1.02500 1.17500 0.79746 0.09987 356.73966
0.57500 1.22500 0.79787 0.07365 348.43069
0.67500 1.32500 0.79809 0.07448 355.74997
0.92500 1.02500 0.79745 0.10693 349.41622
1.27500 1.32500 0.79712 0.07238 4.29428
1.37500 0.92500 0.79831 0.07423 346.21274
1.37500 1.22500 0.79736 0.06839 355.95020
1.42500 1.27500 0.79739 0.06476 357.58385
1.47500 1.17500 0.79745 0.06213 350.62561
1.62500 1.17500 0.79761 0.04766 347.53247
1.27500 1.07500 0.79762 0.08347 352.92522
1.57500 1.02500 0.79863 0.05959 349.40102
1.17500 1.07500 0.79757 0.08877 351.74849
1.57500 1.17500 0.79748 0.04989 350.95871
1.77500 1.12500 0.79772 0.03879 344.79930
1.87500 1.07500 0.79872 0.04323 345.24362
2.02500 1.32500 0.79980 0.02687 3.81975
2.07500 1.27500 0.80064 0.02276 354.68021
2.12500 1.12500 0.80164 0.02511 354.60726
1.67500 0.92500 0.79973 0.05658 344.84614
2.07500 1.22500 0.80111 0.02308 355.27759
1.67500 1.32500 0.79742 0.03083 358.55025
2.12500 1.02500 0.80089 0.04673 355.75364
2.17500 1.12500 0.80171 0.02178 350.00573
2.47500 1.17500 0.80068 0.02109 356.24738
2.37500 1.32500 0.79923 0.02562 346.66344
2.67500 0.92500 0.80487 0.08988 18.27972
2.37500 1.27500 0.79922 0.02261 337.45031
2.42500 0.92500 0.80423 0.08202 11.25650
2.22500 1.22500 0.80088 0.02385 354.99696
2.42500 1.12500 0.80183 0.04016 11.94230
2.32500 1.07500 0.80233 0.04136 3.97902
2.37500 1.17500 0.80092 0.02795 5.02924
2.52500 1.32500 0.79913 0.02160 355.19229
2.87500 1.22500 0.80212 0.03763 41.26183
2.92500 1.22500 0.80212 0.02502 48.04512
2.87500 1.17500 0.80224 0.04173 34.25748
3.27500 1.17500 0.80641 0.07558 70.36147
3.07500 1.12500 0.80519 0.06040 47.48256
3.22500 1.32500 0.80571 0.06029 84.11635
2.82500 1.12500 0.80306 0.05688 29.83734
3.02500 1.32500 0.80354 0.03092 77.55964
3.17500 1.32500 0.80514 0.05207 81.68471
3.22500 0.92500 0.80723 0.08831 45.48170
3.47500 1.17500 0.80284 0.10435 85.89482
3.82500 1.27500 0.79793 0.04348 93.77113
3.67500 1.32500 0.79915 0.08414 94.48540
3.37500 1.32500 0.80543 0.08848 88.98333
3.67500 1.27500 0.79909 0.09026 93.86264
3.52500 1.02500 0.80045 0.10611 83.11476
3.32500 1.02500 0.80647 0.09259 63.95243
3.47500 1.27500 0.80343 0.09752 91.75706
3.47500 1.02500 0.80309 0.10449 77.43610
3.57500 0.92500 0.79960 0.10953 81.21964
4.02500 1.32500 0.79812 0.02590 92.78839
4.27500 1.07500 0.79801 0.01528 59.87848
4.32500 1.32500 0.79724 0.01395 77.95689
4.02500 1.22500 0.79793 0.03346 93.29003
4.32500 1.22500 0.79744 0.01540 63.41831
4.02500 1.17500 0.79783 0.03625 93.22630
4.07500 1.22500 0.79794 0.02859 89.95992
4.17500 1.32500 0.79794 0.02284 78.94585
4.02500 1.02500 0.79769 0.04093 92.08638
4.07500 1.17500 0.79787 0.02439 87.15636
4.77500 1.02500 0.79784 0.03116 43.93379
4.42500 1.32500 0.79645 0.01423 78.12171
4.72500 1.12500 0.79733 0.02147 53.69594
4.67500 1.22500 0.79665 0.01742 68.51618
4.52500 1.02500 0.79798 0.02035 29.79028
4.52500 1.32500 0.79637 0.01243 86.63354
4.87500 0.97500 0.79880 0.02501 67.42420
4.87500 1.17500 0.79664 0.03474 64.47497
4.77500 1.32500 0.80282 0.00680 47.20489
4.72500 0.92500 0.79902 0.02172 44.51509
5.32500 1.27500 0.77917 0.02427 263.06533
5.02500 1.07500 0.79713 0.04021 71.55604
5.22500 1.27500 0.78711 0.02759 45.23494
5.27500 0.97500 0.78597 0.00658 305.84158
5.42500 1.22500 0.76873 0.07094 269.48311
4.97500 1.22500 0.79696 0.03007 63.00032
4.97500 1.12500 0.79771 0.02833 64.87315
5.12500 1.22500 0.79547 0.03648 59.89279
5.02500 1.02500 0.79739 0.03784 75.55241
5.17500 1.07500 0.79359 0.04352 58.80821
0.02500 1.67500 0.80377 0.04927 269.49997
0.42500 1.57500 0.80081 0.05716 298.52006
0.52500 1.57500 0.80016 0.04826 318.63761
0.27500 1.67500 0.80257 0.06162 275.17675
0.27500 1.42500 0.80002 0.05659 292.49137
0.22500 1.47500 0.80091 0.06137 282.74551
0.12500 1.37500 0.80018 0.06625 275.17016
0.47500 1.67500 0.80056 0.04589 300.29778
0.52500 1.37500 0.79887 0.05539 330.80172
0.42500 1.47500 0.79999 0.05262 310.85404
0.77500 1.37500 0.79820 0.08016 359.15653
0.67500 1.52500 0.79902 0.05475 348.68802
0.92500 1.72500 0.79875 0.04459 10.94959
0.57500 1.42500 0.79936 0.05897 341.22399
0.67500 1.67500 0.79953 0.04364 344.96710
0.57500 1.52500 0.79922 0.05137 342.70785
0.87500 1.42500 0.79770 0.07912 5.93396
1.02500 1.47500 0.79765 0.07669 7.63562
0.77500 1.42500 0.79836 0.07762 0.20668
0.97500 1.52500 0.79793 0.07211 4.54984
1.62500 1.37500 0.79715 0.03971 7.48118
1.62500 1.67500 0.79708 0.03320 35.33704
1.12500 1.52500 0.79775 0.07317 6.56070
1.17500 1.72500 0.79816 0.05108 25.02977
1.12500 1.62500 0.79774 0.06277 10.26974
1.42500 1.57500 0.79748 0.05574 31.57720
1.42500 1.37500 0.79713 0.06139 7.12039
1.27500 1.42500 0.79714 0.06900 8.92040
1.62500 1.72500 0.79724 0.03296 42.52860
1.47500 1.47500 0.79694 0.05295 15.88148
1.72500 1.47500 0.79714 0.03824 17.89480
1.67500 1.47500 0.79702 0.03837 19.15264
1.87500 1.52500 0.79755 0.03724 17.97270
1.97500 1.52500 0.79812 0.03819 3.15237
1.87500 1.42500 0.79800 0.03481 13.70891
2.12500 1.72500 0.79770 0.03362 5.75299
2.12500 1.52500 0.79835 0.04257 350.25006
1.67500 1.57500 0.79700 0.03473 26.06338
2.02500 1.57500 0.79814 0.04087 353.39663
1.97500 1.37500 0.79879 0.03179 6.88357
2.32500 1.47500 0.79852 0.03524 351.58018
2.67500 1.57500 0.79841 0.02070 39.37316
2.22500 1.37500 0.79923 0.03151 344.40678
2.67500 1.52500 0.79829 0.01812 25.41985
2.57500 1.57500 0.79822 0.02695 9.00799
2.27500 1.47500 0.79859 0.03588 347.09875
2.37500 1.52500 0.79820 0.03372 349.24988
2.62500 1.77500 0.80010 0.03074 125.93419
2.72500 1.62500 0.79922 0.02407 64.61647
2.57500 1.42500 0.79841 0.02059 343.43932
2.77500 1.42500 0.79995 0.01320 40.20577
3.07500 1.77500 0.80534 0.08643 135.61878
3.17500 1.47500 0.80552 0.06096 103.98381
3.12500 1.37500 0.80511 0.05072 85.59003
3.02500 1.77500 0.80453 0.06479 130.56197
3.02500 1.72500 0.80441 0.05623 123.43008
3.27500 1.37500 0.80598 0.06709 93.77772
2.97500 1.67500 0.80454 0.05476 127.87223
3.12500 1.52500 0.80555 0.06231 106.75120
2.87500 1.67500 0.80151 0.03873 119.80176
3.72500 1.42500 0.79860 0.06323 99.14503
3.52500 1.77500 0.80214 0.07579 123.10088
3.47500 1.62500 0.80273 0.07965 114.31893
3.37500 1.57500 0.80464 0.08167 108.65236
3.82500 1.72500 0.79807 0.04717 117.29296
3.42500 1.72500 0.80282 0.08039 125.19054
3.42500 1.67500 0.80310 0.08201 122.17274
3.62500 1.52500 0.80072 0.07806 100.02584
3.67500 1.62500 0.79939 0.05801 108.36935
3.52500 1.62500 0.80173 0.07626 112.58692
4.17500 1.77500 0.82264 0.01868 132.87409
4.12500 1.47500 0.79730 0.02905 104.49062
3.87500 1.72500 0.79748 0.04511 116.90018
3.87500 1.47500 0.79850 0.03887 97.00435
3.87500 1.52500 0.79843 0.04045 101.97109
4.37500 1.42500 0.79788 0.01382 106.00806
4.32500 1.77500 0.84644 0.00913 147.33638
4.37500 1.47500 0.79771 0.01527 110.10812
4.37500 1.72500 0.83657 0.00782 131.06194
3.97500 1.37500 0.79819 0.03187 99.08105
4.82500 1.37500 0.80839 0.01169 27.02551
4.67500 1.67500 0.87711 0.01422 287.84902
4.77500 1.72500 0.94636 0.02627 296.13580
4.47500 1.42500 0.79812 0.01016 107.11517
4.57500 1.52500 0.80712 0.00358 116.56505
4.77500 1.67500 0.85869 0.00837 327.05078
4.72500 1.37500 0.80396 0.00575 65.30844
4.47500 1.47500 0.80027 0.00927 107.57519
4.92500 1.47500 0.81354 0.01568 22.93469
4.92500 1.57500 0.87766 0.02038 337.13362
5.42500 1.57500 0.76608 0.04015 274.84304
5.02500 1.37500 0.80836 0.02539 46.93095
5.02500 1.67500 0.89752 0.01815 348.78295
5.02500 1.62500 0.89021 0.01955 354.68885
5.42500 1.42500 0.76404 0.07432 272.13593
4.97500 1.72500 0.92746 0.02488 314.39759
5.37500 1.72500 0.78058 0.01674 283.22289
5.42500 1.52500 0.76563 0.04520 270.51970
5.37500 1.52500 0.78069 0.01159 279.78745
5.47500 1.77500 0.76901 0.02091 277.14201
0.02500 2.22500 0.80587 0.01308 264.55967
0.42500 2.12500 0.80278 0.02810 218.96232
0.42500 1.87500 0.80137 0.03010 266.62907
0.07500 2.22500 0.80590 0.01174 245.96812
0.32500 2.17500 0.80393 0.02779 222.90048
0.07500 2.07500 0.80561 0.01930 272.34639
0.07500 1.97500 0.80511 0.03327 258.41648
0.17500 1.82500 0.80332 0.04724 268.32601
0.37500 2.12500 0.80340 0.02822 224.13847
0.27500 1.97500 0.80335 0.03522 249.85708
1.07500 1.92500 0.79958 0.02227 68.97726
0.87500 2.22500 0.80441 0.03892 158.08105
0.72500 2.22500 0.80409 0.03968 172.33952
1.02500 1.82500 0.79928 0.02943 45.90851
0.77500 2.22500 0.80381 0.04026 167.06832
0.67500 1.97500 0.80097 0.02000 165.43576
0.72500 2.12500 0.80207 0.03943 159.40484
0.82500 2.17500 0.80304 0.03627 164.32368
1.07500 1.82500 0.79894 0.03879 34.13656
1.02500 2.02500 0.80007 0.02402 116.03159
1.22500 2.12500 0.80349 0.02756 149.56397
1.32500 2.17500 0.80757 0.02802 179.93866
1.37500 1.87500 0.79825 0.03848 49.26789
1.47500 1.92500 0.79832 0.03620 66.40234
1.52500 2.17500 0.80751 0.03677 193.15932
1.57500 2.12500 0.80498 0.02773 172.83141
1.37500 2.07500 0.79954 0.01670 92.16173
1.17500 2.22500 0.80653 0.03967 161.84819
1.62500 1.92500 0.79768 0.03353 63.80938
1.52500 1.97500 0.79826 0.03490 71.62735
1.92500 2.02500 0.79921 0.03790 92.70690
1.72500 1.82500 0.79742 0.02597 46.24808
1.87500 1.82500 0.79748 0.02582 46.28698
1.92500 1.92500 0.79771 0.02732 63.70698
2.02500 2.12500 0.80673 0.12310 87.25288
2.17500 1.97500 0.80011 0.03452 113.51247
2.12500 2.07500 0.80161 0.07227 125.64090
2.12500 2.02500 0.80061 0.04904 130.36053
1.92500 1.97500 0.79820 0.03153 81.09634
2.07500 1.87500 0.79821 0.01519 40.80989
2.52500 2.12500 0.80339 0.08684 144.15938
2.22500 1.82500 0.79877 0.00487 80.30556
2.52500 1.92500 0.80206 0.07851 146.79776
2.27500 1.82500 0.79886 0.00780 121.46789
2.27500 1.92500 0.79928 0.02008 120.75338
2.22500 2.07500 0.80411 0.04082 127.85529
2.52500 2.22500 0.83048 0.08026 143.40422
2.27500 2.02500 0.80167 0.05293 136.16352
2.37500 1.97500 0.80192 0.06361 146.42484
2.57500 1.92500 0.80220 0.07950 148.07712
2.92500 2.17500 0.81280 0.06116 112.55645
3.22500 1.97500 0.80313 0.07702 146.54514
2.82500 2.17500 0.81595 0.06488 132.33250
2.77500 2.22500 0.81553 0.06393 137.12344
2.82500 2.12500 0.81161 0.07177 135.35566
3.22500 2.07500 0.82324 0.06387 131.38172
3.17500 1.87500 0.80487 0.09321 141.33251
2.92500 1.87500 0.80471 0.09097 147.64812
3.12500 1.97500 0.80449 0.09215 138.97317
2.97500 1.97500 0.80496 0.09733 146.72465
3.77500 1.97500 0.80223 0.04327 122.18785
3.52500 2.17500 0.81172 0.04975 126.09596
3.42500 2.12500 0.82181 0.05112 128.67906
3.62500 2.12500 0.82542 0.04542 126.08024
3.82500 1.82500 0.79984 0.04153 120.39349
3.57500 1.97500 0.80216 0.04772 125.57537
3.77500 2.07500 0.82915 0.03766 123.92635
3.67500 2.07500 0.81613 0.04610 127.13588
3.42500 2.22500 0.84296 0.04320 134.61547
3.52500 1.97500 0.80253 0.04946 129.06689
4.32500 2.12500 0.95180 0.01181 218.25808
3.97500 2.07500 0.85335 0.02737 125.87348
3.97500 1.82500 0.80085 0.03640 116.30459
3.87500 1.97500 0.81532 0.03725 125.48224
3.87500 2.17500 0.86068 0.03557 128.73527
4.37500 1.97500 0.91745 0.00845 223.89737
4.32500 2.17500 0.95248 0.01320 206.11850
4.17500 2.02500 0.87797 0.01518 133.02507
4.22500 1.97500 0.88054 0.01163 138.93919
4.22500 1.82500 0.85615 0.01252 144.72302
4.57500 2.02500 0.96263 0.01865 265.78743
4.47500 2.07500 0.97012 0.02097 244.31466
4.87500 2.07500 0.97769 0.03749 282.80562
4.47500 2.12500 0.96879 0.02104 244.37274
4.62500 1.82500 0.92639 0.01549 289.21849
4.62500 2.07500 0.97395 0.02451 265.71784
4.47500 1.87500 0.91811 0.00987 258.18908
4.92500 1.92500 0.97426 0.04428 293.72865
4.72500 1.92500 0.96427 0.02312 284.12040
4.42500 1.92500 0.92200 0.01004 241.31669
5.02500 1.82500 0.95788 0.04097 321.93859
5.07500 2.22500 0.96227 0.04414 283.01310
5.37500 1.97500 0.78840 0.01310 274.90532
5.42500 2.07500 0.78531 0.01443 346.45485
5.47500 2.12500 0.77408 0.01610 80.45578
5.07500 2.17500 0.96475 0.04885 290.06729
5.22500 2.07500 0.86900 0.01864 339.85408
5.47500 1.97500 0.77191 0.00265 3.90049
4.97500 2.12500 0.97514 0.04310 294.55508
5.42500 1.82500 0.77105 0.02554 250.22392
0.47500 2.52500 0.80869 0.02526 147.18437
0.27500 2.62500 0.80966 0.00964 125.07479
0.32500 2.32500 0.80504 0.02247 185.41374
0.42500 2.37500 0.80536 0.02523 172.13970
0.52500 2.37500 0.80590 0.03165 172.00816
0.12500 2.42500 0.80715 0.01180 131.97638
0.02500 2.47500 0.80749 0.01522 92.07094
0.02500 2.52500 0.80768 0.02273 90.65536
0.42500 2.32500 0.80475 0.02829 177.83243
0.37500 2.62500 0.81041 0.01697 109.37449
0.62500 2.57500 0.81338 0.02542 132.33737
0.82500 2.27500 0.80542 0.04582 161.79042
0.62500 2.47500 0.80968 0.03581 150.60041
1.07500 2.67500 0.83161 0.01839 14.64840
1.02500 2.42500 0.82047 0.03170 175.54861
1.02500 2.57500 0.82846 0.00839 25.64840
0.72500 2.47500 0.81140 0.03644 152.63327
1.02500 2.37500 0.81830 0.03688 176.65817
1.07500 2.62500 0.83061 0.01531 8.37351
0.57500 2.47500 0.80727 0.03835 151.73769
1.57500 2.62500 0.83122 0.05605 347.02990
1.42500 2.67500 0.83194 0.05033 347.57368
1.47500 2.27500 0.81726 0.04271 203.99654
1.37500 2.32500 0.82199 0.04284 198.38419
1.37500 2.67500 0.83141 0.04870 348.37857
1.17500 2.67500 0.83215 0.04032 359.55949
1.12500 2.47500 0.82962 0.01167 222.60394
1.57500 2.42500 0.83301 0.01587 272.49269
1.62500 2.57500 0.83204 0.04501 341.35574
1.12500 2.27500 0.81665 0.04086 187.15632
2.17500 2.52500 5.15750 0.04171 129.40635
1.97500 2.52500 0.87045 0.03254 313.06969
2.02500 2.57500 0.92269 0.02516 326.21519
1.67500 2.42500 0.83615 0.03079 323.78518
1.97500 2.62500 0.86466 0.03403 344.99592
2.07500 2.27500 0.83434 0.08523 63.94302
1.77500 2.37500 0.83389 0.02379 234.99417
2.12500 2.27500 1.08180 0.03184 146.01048
2.02500 2.47500 0.88517 0.03318 271.51970
1.72500 2.67500 0.83215 0.05366 345.09884
2.72500 2.42500 0.85137 0.05925 125.69393
2.22500 2.52500 5.75593 0.05708 116.09818
2.27500 2.27500 2.08138 0.11381 132.09760
2.67500 2.42500 0.85024 0.05783 125.72655
2.22500 2.67500 2.24860 0.05139 75.79611
2.62500 2.32500 0.82929 0.06507 134.00999
2.42500 2.32500 1.21421 0.08613 129.84220
2.62500 2.42500 0.84301 0.06709 123.05287
2.72500 2.32500 0.83582 0.06393 128.71300
2.62500 2.27500 0.82376 0.06528 141.06195
3.27500 2.42500 0.89997 0.05996 231.01785
2.92500 2.42500 0.88021 0.04534 116.32771
2.77500 2.37500 0.84285 0.05699 113.56030
3.22500 2.52500 0.90473 0.02770 214.79718
3.22500 2.67500 0.89881 0.01653 232.37434
2.92500 2.32500 0.85163 0.05315 97.78556
3.27500 2.57500 0.90584 0.02709 202.59871
3.17500 2.62500 0.89994 0.02339 224.32433
2.87500 2.52500 0.88460 0.02979 211.43868
3.17500 2.52500 0.90247 0.02706 225.04491
3.47500 2.37500 0.87274 0.05557 130.40224
3.82500 2.57500 0.92268 0.03310 129.58172
3.72500 2.37500 0.89194 0.04225 133.37931
3.47500 2.27500 0.85102 0.06321 135.66016
3.62500 2.27500 0.84492 0.05333 124.08636
3.32500 2.47500 0.90051 0.04525 167.98483
3.32500 2.32500 0.89153 0.07795 233.45058
3.47500 2.62500 0.90981 0.03388 143.29246
3.82500 2.27500 0.87937 0.03369 129.23078
3.52500 2.47500 0.90275 0.05301 134.32740
4.37500 2.67500 0.97423 0.02450 261.76408
4.02500 2.57500 0.94067 0.02710 140.82513
3.87500 2.67500 0.93822 0.02806 134.62458
4.32500 2.57500 0.97306 0.01627 212.37125
4.12500 2.52500 0.95635 0.02471 155.87270
3.92500 2.42500 0.92236 0.02862 137.08128
4.17500 2.52500 0.96002 0.02083 170.91298
4.22500 2.37500 0.94667 0.01262 180.40860
4.17500 2.37500 0.94712 0.01702 169.91793
4.07500 2.57500 0.94658 0.02674 148.45566
4.67500 2.57500 0.99246 0.05470 281.01411
4.62500 2.27500 0.98249 0.03277 262.14191
4.67500 2.52500 0.99106 0.04845 276.17303
4.57500 2.52500 0.98438 0.04179 270.58953
4.72500 2.52500 0.99197 0.05554 280.16275
4.82500 2.47500 0.99048 0.05537 283.89821
4.67500 2.27500 0.98301 0.03549 265.97650
4.57500 2.42500 0.98229 0.04047 271.07612
4.62500 2.37500 0.98353 0.03728 267.90962
4.67500 2.67500 0.99212 0.06256 282.56556
5.32500 2.32500 0.80778 0.02730 81.34159
5.17500 2.62500 0.90912 0.03285 8.56182
5.42500 2.57500 0.78500 0.07428 82.97066
5.17500 2.27500 0.91277 0.02728 265.77524
5.47500 2.37500 0.77775 0.04296 86.43698
4.97500 2.37500 0.97457 0.05188 295.27578
5.17500 2.42500 0.95259 0.03533 341.70353
4.97500 2.52500 0.97373 0.06190 297.91459
5.12500 2.67500 0.91435 0.03735 309.79772
4.97500 2.42500 0.97212 0.05435 298.85698
0.07500 2.77500 0.80910 0.02080 74.21349
0.12500 2.92500 0.81113 0.02083 61.46637
0.22500 2.92500 0.81194 0.02237 45.95997
0.47500 3.07500 0.81986 0.05370 14.19668
0.32500 3.12500 0.82215 0.04800 3.05733
0.27500 2.92500 0.81211 0.02236 29.52244
0.42500 2.77500 0.81351 0.01999 68.82667
0.37500 2.72500 0.81132 0.01593 85.86057
0.12500 3.12500 0.81254 0.02283 32.20753
0.27500 2.77500 0.81166 0.01308 69.77730
0.57500 2.72500 0.81393 0.02186 85.75005
0.97500 3.12500 0.83040 0.07067 9.33303
0.72500 2.82500 0.82138 0.02880 43.21317
0.77500 3.07500 0.82141 0.06734 11.87726
0.57500 2.77500 0.81492 0.02537 63.29353
0.87500 3.12500 0.82451 0.07835 8.52209
0.72500 2.72500 0.81930 0.01798 84.70169
0.57500 3.07500 0.81943 0.05839 15.55720
0.97500 2.97500 0.82525 0.07130 8.10283
0.97500 2.92500 0.82731 0.05642 11.86564
1.42500 3.07500 0.82824 0.06901 3.37280
1.17500 3.07500 0.82775 0.07330 3.78600
1.47500 2.82500 0.82904 0.06407 353.90768
1.62500 2.72500 0.83082 0.05839 347.00391
1.27500 2.72500 0.82736 0.05364 358.42962
1.52500 2.72500 0.82965 0.05952 349.02612
1.22500 3.12500 0.82908 0.07653 1.81961
1.47500 2.77500 0.82873 0.06188 352.07679
1.12500 2.82500 0.82898 0.04988 6.15752
1.62500 3.02500 0.83013 0.06783 5.86355
1.82500 2.77500 0.83392 0.05517 355.94620
2.17500 3.07500 0.93228 0.06567 33.35855
2.12500 2.82500 0.89924 0.05654 24.00365
2.02500 3.02500 0.85902 0.06311 24.98947
1.77500 2.92500 0.84214 0.05868 10.81399
1.97500 2.77500 0.84658 0.04957 9.31031
1.82500 2.87500 0.84199 0.05654 9.99213
1.97500 3.12500 0.84729 0.07224 22.04148
2.07500 2.72500 0.85704 0.04072 27.67269
1.87500 2.87500 0.84372 0.05547 13.17191
2.47500 3.02500 1.27294 0.10809 53.18735
2.27500 3.12500 1.03691 0.07581 43.53010
2.57500 2.97500 1.30588 0.10859 62.50759
2.62500 2.92500 1.23725 0.10202 66.18862
2.42500 3.12500 1.35710 0.09560 49.42471
2.72500 2.82500 0.87167 0.04400 76.67747
2.67500 2.77500 0.88117 0.05101 73.57940
2.52500 3.12500 1.34374 0.10513 52.81619
2.22500 3.12500 0.95468 0.07315 38.85676
2.37500 2.87500 1.77014 0.09666 63.48532
3.02500 2.77500 0.88748 0.01831 242.93102
3.17500 3.07500 0.88264 0.02548 63.64615
3.12500 3.07500 0.87888 0.02420 63.46672
2.77500 2.82500 0.87291 0.02929 76.57579
3.17500 2.92500 0.89699 0.00865 154.82707
3.07500 2.77500 0.88634 0.00923 277.03262
2.82500 2.97500 0.88875 0.06036 69.78170
2.97500 3.12500 0.87709 0.05447 57.26983
3.02500 2.87500 0.88397 0.00693 120.45296
2.82500 3.02500 0.88077 0.06771 59.98538
3.42500 2.72500 0.91263 0.01935 151.07767
3.42500 2.97500 0.94305 0.02783 144.07705
3.62500 2.77500 0.93048 0.03528 141.46700
3.37500 2.77500 0.91442 0.01897 154.08340
3.72500 3.07500 0.97497 0.01413 170.51102
3.72500 2.77500 0.93944 0.03172 141.46432
3.57500 3.12500 0.96509 0.01789 124.36504
3.47500 3.12500 0.94777 0.02094 119.90780
3.82500 2.77500 0.95164 0.03023 146.00500
3.47500 2.82500 0.92689 0.03190 147.72995
4.37500 3.12500 0.99728 0.07126 315.08529
4.22500 2.87500 0.98394 0.00254 70.92291
4.37500 2.97500 0.98709 0.03965 314.89783
4.17500 3.07500 0.98672 0.03464 329.22916
4.17500 2.92500 0.98281 0.00715 13.51132
4.37500 3.07500 0.99917 0.05831 310.96686
4.27500 2.87500 0.98534 0.00511 303.34810
4.12500 2.77500 0.96027 0.01227 114.20432
3.97500 2.87500 0.97905 0.01546 151.03176
4.02500 2.77500 0.95649 0.01148 100.74228
4.57500 2.97500 0.99971 0.07893 297.53574
4.92500 2.97500 0.97324 0.06638 278.93583
4.62500 2.92500 1.00435 0.07901 292.06536
4.42500 2.72500 0.98265 0.04226 281.85235
4.57500 2.92500 1.00010 0.07325 292.51457
4.42500 2.87500 0.98248 0.04439 298.49920
4.87500 2.72500 0.98654 0.07158 287.25279
4.67500 3.07500 1.00802 0.08680 299.14885
4.82500 2.72500 0.99472 0.07554 285.05356
4.87500 2.87500 0.98700 0.07951 281.28591
5.02500 2.82500 0.93354 0.04646 272.12155
5.32500 2.82500 0.81416 0.07141 96.48905
5.32500 3.07500 0.83939 0.04753 104.49815
5.02500 2.92500 0.92697 0.03269 272.08607
5.27500 3.12500 0.84859 0.03367 97.68010
5.22500 2.97500 0.86140 0.01730 157.97108
5.12500 3.12500 0.91600 0.01654 219.08714
5.32500 3.02500 0.83103 0.05156 101.07020
5.12500 2.97500 0.87210 0.00975 196.50227
5.17500 2.87500 0.87649 0.00814 153.90716
0.17500 3.47500 0.85848 0.06587 286.31100
0.27500 3.52500 0.85813 0.06084 286.01008
0.47500 3.37500 0.85048 0.06557 355.74069
0.37500 3.57500 0.85353 0.02816 287.09675
0.07500 3.32500 0.85823 0.04128 276.39844
0.22500 3.52500 0.85895 0.06631 282.11829
0.07500 3.52500 0.86158 0.07419 278.22948
0.42500 3.37500 0.85393 0.06132 342.51054
0.22500 3.22500 0.84098 0.04771 338.55985
0.47500 3.42500 0.85321 0.04157 351.07466
0.67500 3.57500 0.84736 0.03218 34.77174
1.07500 3.17500 0.82923 0.07598 6.40764
0.97500 3.17500 0.82912 0.07996 7.90716
0.72500 3.32500 0.83481 0.07831 14.35922
0.97500 3.32500 0.82989 0.07771 11.39958
0.67500 3.52500 0.84723 0.04616 23.61587
0.62500 3.42500 0.84768 0.05892 14.25557
0.62500 3.57500 0.84824 0.02591 35.54282
0.92500 3.52500 0.83681 0.05456 16.30599
0.57500 3.17500 0.82469 0.07838 7.66903
1.47500 3.22500 0.83051 0.07359 3.20963
1.32500 3.22500 0.82945 0.07111 4.58966
1.42500 3.22500 0.83049 0.07352 2.45570
1.37500 3.37500 0.83364 0.06280 5.84950
1.52500 3.32500 0.83783 0.06402 2.15754
1.52500 3.37500 0.83905 0.05568 359.44435
1.37500 3.32500 0.83209 0.06637 6.06278
1.17500 3.57500 0.84210 0.03796 12.75475
1.17500 3.27500 0.82947 0.07261 5.85742
1.47500 3.42500 0.83973 0.05328 357.37497
1.77500 3.37500 0.84132 0.07463 14.82015
2.07500 3.27500 0.84710 0.08173 30.89883
1.67500 3.22500 0.83172 0.07481 6.88657
1.72500 3.37500 0.84156 0.07268 14.54293
2.12500 3.57500 0.85270 0.09004 44.76151
1.72500 3.17500 0.83150 0.07582 6.28511
2.07500 3.42500 0.84323 0.08624 33.18151
2.17500 3.32500 0.86139 0.08242 32.49465
2.02500 3.17500 0.85200 0.07157 25.49088
2.12500 3.17500 0.86222 0.07301 30.95972
2.62500 3.57500 1.10518 0.09429 45.51562
2.72500 3.27500 1.08762 0.11656 47.42342
2.72500 3.42500 1.13814 0.10521 43.60207
2.32500 3.22500 1.05322 0.07981 41.12379
2.27500 3.32500 0.90797 0.08400 37.33779
2.57500 3.47500 1.13148 0.09144 46.32048
2.67500 3.42500 1.15122 0.10092 45.60216
2.22500 3.17500 0.96579 0.07675 39.15180
2.72500 3.17500 1.08698 0.11519 51.09627
2.42500 3.27500 1.15159 0.08711 44.66048
3.02500 3.47500 1.04738 0.11026 34.22911
2.92500 3.37500 1.04299 0.11244 40.01044
2.92500 3.27500 0.99832 0.11269 43.39628
2.97500 3.52500 1.12523 0.10816 35.66946
3.02500 3.27500 0.94242 0.10203 38.95712
3.12500 3.27500 0.89379 0.08185 35.23172
3.12500 3.57500 1.04848 0.10754 25.65484
3.22500 3.42500 0.93813 0.09696 26.97994
2.82500 3.22500 0.99759 0.11371 47.83376
3.12500 3.37500 0.93864 0.10179 30.72725
3.57500 3.37500 0.92188 0.07478 6.61181
3.72500 3.22500 0.95077 0.02919 353.05512
3.52500 3.37500 0.92049 0.07098 12.75382
3.42500 3.57500 1.05687 0.09910 4.95522
3.42500 3.32500 0.91209 0.06501 28.07093
3.62500 3.42500 0.94446 0.08292 359.66833
3.67500 3.37500 0.92961 0.07387 357.22204
3.82500 3.52500 1.01507 0.09770 345.22271
3.67500 3.22500 0.95085 0.02198 3.99091
3.52500 3.27500 0.92965 0.03418 34.86158
4.17500 3.32500 0.99163 0.08652 335.28915
4.37500 3.37500 1.01447 0.10602 324.99381
3.87500 3.42500 0.97083 0.08048 348.92463
3.87500 3.37500 0.95245 0.07542 345.80162
4.22500 3.17500 0.98353 0.06517 334.70903
4.27500 3.52500 1.02333 0.10751 331.21302
4.12500 3.27500 0.97655 0.06818 338.15333
3.97500 3.32500 0.96444 0.06712 346.01552
3.92500 3.32500 0.95669 0.06704 344.85882
4.17500 3.57500 1.02517 0.10767 336.71127
4.62500 3.32500 1.00681 0.09261 310.41474
4.62500 3.57500 0.99940 0.08570 318.53358
4.67500 3.42500 1.00099 0.08912 314.19986
4.92500 3.47500 0.96860 0.04294 292.98834
4.62500 3.47500 1.00264 0.09254 316.95743
4.87500 3.22500 0.98101 0.06149 294.80638
4.57500 3.22500 1.00883 0.09168 308.37871
4.77500 3.37500 0.99115 0.07207 306.55985
4.77500 3.57500 0.97907 0.05444 310.44833
4.77500 3.32500 0.99230 0.07462 304.53976
4.97500 3.32500 0.96671 0.04795 290.88051
5.17500 3.27500 0.91043 0.01260 292.18974
5.07500 3.37500 0.95272 0.04099 279.91730
5.02500 3.42500 0.95883 0.04066 283.83118
4.97500 3.37500 0.96544 0.04667 289.30453
5.47500 3.47500 0.85358 0.05852 89.54963
5.47500 3.57500 0.85725 0.06261 89.67056
5.17500 3.47500 0.93689 0.03409 278.51996
5.12500 3.22500 0.93199 0.03640 273.97010
5.22500 3.22500 0.89384 0.00612 29.03641
0.37500 3.87500 0.86370 0.04688 221.50668
0.47500 3.77500 0.85494 0.02960 211.67091
0.22500 3.67500 0.86100 0.06838 265.04151
0.12500 3.67500 0.86186 0.07521 269.69528
0.07500 3.87500 0.86674 0.07070 265.30232
0.52500 3.97500 0.87704 0.05495 198.88012
0.52500 3.77500 0.85437 0.02587 198.57504
0.22500 3.82500 0.86448 0.06997 253.42468
0.47500 3.62500 0.85077 0.00764 240.51559
0.42500 3.87500 0.86470 0.04504 214.48035
0.97500 4.02500 0.89383 0.05659 189.31584
0.77500 3.72500 0.85262 0.01649 126.32106
0.97500 3.87500 0.88400 0.04168 182.35160
1.07500 3.67500 0.85937 0.01001 111.74828
0.82500 3.92500 0.88099 0.04673 181.15263
0.92500 3.72500 0.85511 0.01234 90.60358
0.77500 4.02500 0.88529 0.05466 187.16792
0.87500 3.87500 0.88074 0.04257 181.19797
0.72500 3.97500 0.87950 0.05119 186.39334
0.62500 4.02500 0.87427 0.05550 189.84591
1.52500 3.97500 0.89051 0.06072 213.87328
1.32500 3.82500 0.89318 0.04267 207.86236
1.12500 3.92500 0.89065 0.04851 191.70373
1.22500 3.62500 0.85699 0.01603 17.34976
1.42500 4.02500 0.89188 0.05985 207.55835
1.12500 3.72500 0.86406 0.00958 135.46512
1.62500 3.77500 0.88726 0.03191 242.34266
1.27500 3.67500 0.87047 0.00706 303.51010
1.27500 3.77500 0.88612 0.03148 206.04405
1.52500 3.87500 0.89119 0.05756 215.38262
1.67500 3.82500 0.88531 0.04150 243.06451
2.07500 3.82500 0.87405 0.04580 38.66176
1.87500 3.82500 0.88084 0.02434 306.38036
1.67500 3.97500 0.88156 0.04116 237.20957
2.17500 3.72500 0.85747 0.08808 46.22357
1.87500 3.72500 0.88118 0.02654 346.62350
2.12500 3.82500 0.86985 0.05898 43.64670
1.97500 3.72500 0.87993 0.02689 4.65039
1.87500 3.77500 0.88206 0.02718 320.13504
1.67500 3.62500 0.88139 0.02619 340.62427
2.52500 3.77500 0.88081 0.09509 47.06685
2.67500 4.02500 0.87076 0.08720 38.75217
2.37500 4.02500 0.86303 0.07183 44.63902
2.47500 4.02500 0.86437 0.08457 47.77963
2.72500 3.67500 1.06446 0.09474 45.65854
2.27500 3.97500 0.86589 0.05899 45.04807
2.47500 3.92500 0.86526 0.08722 51.22734
2.37500 3.67500 0.86717 0.09488 49.98491
2.22500 3.82500 0.86543 0.07274 47.01678
2.32500 4.02500 0.86397 0.05986 42.60335
2.97500 3.92500 0.90300 0.08638 14.04268
3.17500 3.67500 1.10450 0.10103 21.72032
3.22500 3.87500 0.95905 0.09597 1.70171
3.12500 3.82500 0.97740 0.09099 13.75829
3.07500 3.82500 0.99176 0.09029 17.00195
2.87500 4.02500 0.88979 0.08183 25.03677
2.92500 3.67500 1.07682 0.09309 28.35995
3.02500 3.67500 1.08445 0.09956 25.52520
2.92500 3.87500 0.93082 0.08363 26.25252
2.82500 3.67500 1.06957 0.09834 37.82542
3.37500 3.97500 0.93320 0.09987 353.71113
3.52500 3.67500 1.05569 0.10116 356.85504
3.82500 3.67500 1.03339 0.10261 344.03083
3.47500 3.92500 0.94979 0.09995 350.38219
3.62500 3.72500 1.03623 0.10078 349.98247
3.52500 3.77500 1.03324 0.09799 353.79605
3.77500 3.72500 1.03088 0.10219 344.90569
3.82500 3.82500 0.97282 0.10373 341.25763
3.67500 3.97500 0.93384 0.09636 343.66012
3.37500 3.77500 1.00574 0.09737 358.61702
3.97500 3.97500 0.94820 0.10170 337.56562
4.22500 3.82500 0.96726 0.10437 329.60209
4.37500 3.97500 0.98028 0.05719 328.06365
4.12500 3.62500 1.02540 0.10766 337.26960
4.07500 3.72500 1.01430 0.10710 337.20812
3.87500 3.77500 0.98813 0.10586 341.00192
3.92500 4.02500 0.94148 0.09933 337.19377
4.17500 3.72500 0.99261 0.10761 333.40161
3.87500 4.02500 0.92890 0.10043 339.79853
3.87500 3.82500 0.98008 0.10538 341.15412
4.77500 3.67500 0.97834 0.05485 314.51245
4.52500 3.87500 0.98115 0.05734 323.27399
4.47500 3.67500 0.99019 0.09524 325.95622
4.67500 3.92500 0.98592 0.04548 319.87018
4.47500 3.97500 0.98325 0.05240 324.31995
4.82500 3.92500 0.97759 0.04268 334.75600
4.92500 3.97500 0.97410 0.04256 331.37557
4.87500 3.77500 0.96916 0.03775 323.07547
4.72500 3.72500 0.97928 0.05886 313.45110
4.67500 3.87500 0.98014 0.05090 320.27658
5.32500 3.72500 0.89608 0.00911 341.64457
5.17500 3.97500 0.93647 0.03403 319.98315
5.07500 3.72500 0.96135 0.02866 304.98219
5.47500 3.62500 0.85905 0.06453 89.70700
5.22500 3.62500 0.91571 0.02190 274.39871
5.17500 3.82500 0.95555 0.03701 292.62939
4.97500 4.02500 0.96466 0.04786 330.29076
5.22500 3.87500 0.92306 0.02715 288.91552
5.37500 3.92500 0.87684 0.06186 87.40585
5.17500 4.02500 0.93867 0.03569 326.22979
0.17500 4.47500 0.87208 0.00131 242.85032
0.07500 4.37500 0.86948 0.00986 260.54723
0.07500 4.27500 0.87021 0.02318 242.45100
0.17500 4.27500 0.87471 0.03866 234.00749
0.07500 4.47500 0.86794 0.00297 5.59558
0.07500 4.32500 0.86997 0.01560 249.90393
0.17500 4.42500 0.87110 0.00645 241.16975
0.17500 4.12500 0.87370 0.04516 246.89803
0.22500 4.42500 0.87438 0.01012 218.78358
0.17500 4.37500 0.87124 0.01668 234.56615
1.07500 4.27500 0.90014 0.07655 189.05628
0.62500 4.17500 0.89009 0.06615 191.43902
0.77500 4.32500 0.89824 0.06743 188.06521
0.92500 4.27500 0.90020 0.07259 189.35591
0.82500 4.17500 0.89733 0.07169 189.92743
0.97500 4.07500 0.89758 0.06383 187.96125
0.97500 4.17500 0.89832 0.07260 189.85803
0.97500 4.12500 0.89780 0.06949 189.66024
0.87500 4.32500 0.89991 0.06795 188.36858
0.97500 4.27500 0.90066 0.07218 189.16740
1.52500 4.12500 0.88929 0.07098 204.21082
1.12500 4.12500 0.89882 0.06635 193.74093
1.62500 4.07500 0.88778 0.06759 208.42305
1.62500 4.22500 0.88855 0.08388 196.71102
1.52500 4.17500 0.88886 0.07331 202.10040
1.12500 4.17500 0.89907 0.06687 193.08646
1.32500 4.17500 0.89700 0.07182 195.74704
1.47500 4.22500 0.88989 0.07326 195.55760
1.22500 4.22500 0.89718 0.07221 193.04517
1.22500 4.42500 0.89889 0.07447 185.42429
1.97500 4.17500 0.87224 0.04792 216.67619
1.72500 4.27500 0.88021 0.06749 199.60814
1.77500 4.37500 0.87974 0.08224 187.00491
1.97500 4.22500 0.87343 0.06111 206.49377
1.72500 4.07500 0.88117 0.05069 224.66429
2.02500 4.32500 0.87345 0.07348 192.37741
1.87500 4.37500 0.87641 0.06630 188.91108
2.17500 4.22500 0.86950 0.01447 249.27244
1.77500 4.42500 0.88035 0.07119 183.16465
1.67500 4.47500 0.88175 0.07463 179.55472
2.32500 4.07500 0.86748 0.02965 23.30516
2.42500 4.42500 0.86593 0.01237 7.85490
2.62500 4.32500 0.86900 0.04061 27.53051
2.37500 4.17500 0.86723 0.02417 28.73912
2.52500 4.32500 0.86803 0.02741 24.14291
2.32500 4.47500 0.85983 0.00057 227.86241
2.52500 4.42500 0.86984 0.00402 349.38910
2.32500 4.27500 0.86824 0.01229 30.13228
2.47500 4.42500 0.86818 0.01377 0.04161
2.37500 4.27500 0.86786 0.01291 33.36998
3.07500 4.12500 0.87953 0.07913 5.91160
2.82500 4.37500 0.87198 0.05670 11.15536
2.92500 4.42500 0.87569 0.04242 5.92699
2.77500 4.32500 0.86847 0.04575 23.64587
3.17500 4.32500 0.87956 0.07226 357.92205
3.12500 4.42500 0.87971 0.04291 0.21364
3.12500 4.27500 0.87508 0.05239 7.38002
2.82500 4.22500 0.86737 0.06794 20.04868
2.87500 4.22500 0.86885 0.06466 22.78551
3.02500 4.32500 0.87483 0.05344 6.95348
3.37500 4.47500 0.89107 0.02775 357.72837
3.37500 4.42500 0.88664 0.03612 349.30920
3.37500 4.22500 0.88678 0.07502 348.96418
3.72500 4.32500 0.97853 0.03139 325.30254
3.52500 4.37500 0.92179 0.03985 334.06504
3.77500 4.07500 0.91519 0.09479 339.98798
3.82500 4.17500 0.95950 0.06589 333.91717
3.42500 4.22500 0.89021 0.07628 346.55948
3.82500 4.37500 0.99194 0.02304 321.62764
3.37500 4.17500 0.88967 0.08391 348.40885
4.32500 4.22500 0.99978 0.02368 338.70188
4.17500 4.47500 1.00294 0.01617 355.74529
4.17500 4.22500 1.00303 0.02534 323.68175
4.07500 4.47500 1.00544 0.01027 356.03755
3.92500 4.07500 0.96449 0.06733 333.91830
4.12500 4.42500 1.00506 0.01332 335.66637
4.12500 4.22500 1.00412 0.02562 322.34277
4.02500 4.32500 1.00556 0.02165 316.79693
3.92500 4.32500 1.00410 0.01704 307.96643
4.02500 4.22500 0.99609 0.03154 321.11322
4.67500 4.37500 0.97067 0.04559 326.43192
4.62500 4.17500 0.98804 0.03789 330.45771
4.62500 4.42500 0.97052 0.03061 333.07497
4.87500 4.42500 0.92578 0.02891 208.89675
4.67500 4.27500 0.97716 0.04380 329.01381
4.77500 4.07500 0.97979 0.04427 331.04973
4.92500 4.37500 0.93463 0.02150 253.87520
4.82500 4.12500 0.97046 0.05373 330.03293
4.52500 4.32500 0.98777 0.03500 333.88148
4.47500 4.12500 0.99404 0.03413 331.05463
5.42500 4.47500 0.76322 0.00000 180.00000
5.37500 4.07500 0.88303 0.07903 85.90767
5.17500 4.47500 0.90245 0.06906 178.81360
5.42500 4.22500 0.89004 0.08175 91.83654
5.37500 4.27500 0.90212 0.06079 92.52681
5.17500 4.22500 0.92750 0.01613 350.39749
5.22500 4.37500 0.91461 0.02988 160.20040
5.47500 4.42500 0.76322 0.00000 180.00000
5.42500 4.07500 0.88093 0.08130 89.19654
5.47500 4.12500 0.88196 0.07792 89.70588
