0.22500 0.42500 0.79687 0.04118 326.41028
0.12500 0.37500 0.79673 0.04928 297.92749
0.37500 0.07500 0.79686 0.05328 5.48162
0.32500 0.07500 0.79665 0.04635 2.47291
0.42500 0.17500 0.79670 0.05531 19.82734
0.37500 0.42500 0.79663 0.04832 26.22038
0.27500 0.02500 0.79651 0.03756 0.21356
0.27500 0.37500 0.79672 0.04385 357.80443
0.27500 0.12500 0.79650 0.04592 8.99468
0.12500 0.27500 0.79665 0.03735 311.54818
0.87500 0.17500 0.79895 0.04993 350.22071
1.07500 0.27500 0.80199 0.06255 332.61562
0.72500 0.37500 0.79752 0.05720 355.86942
0.77500 0.12500 0.79777 0.05065 357.88435
0.72500 0.32500 0.79741 0.05290 1.63565
0.87500 0.37500 0.79879 0.06197 338.88881
0.57500 0.02500 0.79716 0.05135 1.71847
0.87500 0.22500 0.79944 0.05149 344.70877
0.92500 0.17500 0.79958 0.05188 345.48970
1.02500 0.17500 0.80173 0.05794 337.17018
1.42500 0.17500 0.81220 0.06850 338.80276
1.12500 0.02500 0.80161 0.06558 349.91864
1.22500 0.12500 0.80481 0.06591 346.34536
1.47500 0.42500 0.81000 0.06250 329.23278
1.17500 0.27500 0.80690 0.06357 335.05552
1.42500 0.32500 0.81086 0.06519 332.22427
1.22500 0.02500 0.80205 0.06849 359.12992
1.52500 0.42500 0.81020 0.06151 331.37244
1.57500 0.12500 0.81217 0.08162 351.11241
1.37500 0.07500 0.80504 0.07746 356.08408
1.92500 0.27500 0.81286 0.07353 2.30712
1.67500 0.22500 0.81314 0.07036 349.05419
2.17500 0.42500 0.81179 0.08068 22.30519
1.82500 0.37500 0.81186 0.06293 352.01668
2.07500 0.12500 0.81471 0.08195 11.60060
1.72500 0.42500 0.81013 0.05921 340.38068
2.12500 0.27500 0.81396 0.08217 15.25573
1.97500 0.22500 0.81413 0.08032 7.01530
2.02500 0.32500 0.81329 0.07833 13.44367
1.67500 0.02500 0.81056 0.08946 359.30185
2.67500 0.07500 0.80399 0.05774 5.31661
2.57500 0.12500 0.81138 0.09310 15.30801
2.72500 0.02500 0.80382 0.04810 0.85776
2.47500 0.02500 0.81089 0.07957 5.84959
2.22500 0.22500 0.81425 0.08404 16.96438
2.22500 0.02500 0.81267 0.07452 0.01538
2.42500 0.12500 0.81309 0.09214 11.50018
2.72500 0.22500 0.80709 0.09126 20.57956
2.42500 0.02500 0.81092 0.07521 2.01169
2.42500 0.22500 0.81270 0.09408 17.32169
3.12500 0.37500 0.80436 0.06995 35.95090
2.92500 0.12500 0.80441 0.05379 19.80930
2.92500 0.07500 0.80264 0.03455 16.78819
2.82500 0.17500 0.80486 0.06137 20.53747
2.82500 0.32500 0.80748 0.09921 24.48028
3.12500 0.02500 0.79872 0.00260 346.87314
2.77500 0.42500 0.80994 0.10437 26.08878
2.77500 0.12500 0.80525 0.06599 17.12507
2.92500 0.27500 0.80483 0.06929 28.06665
3.17500 0.12500 0.79975 0.02494 42.22115
3.42500 0.22500 0.79629 0.04801 98.07103
3.57500 0.32500 0.79619 0.06235 97.14895
3.67500 0.32500 0.79690 0.04503 86.14192
3.82500 0.37500 0.79714 0.04405 51.23863
3.42500 0.02500 0.79587 0.02924 177.41256
3.37500 0.17500 0.79645 0.03527 88.68402
3.67500 0.37500 0.79648 0.05794 86.41811
3.47500 0.42500 0.79706 0.06945 82.77880
3.47500 0.27500 0.79638 0.06125 97.12734
3.67500 0.22500 0.79753 0.02683 94.83282
4.37500 0.32500 0.79765 0.03705 282.35939
4.02500 0.42500 0.79720 0.04502 6.38938
4.02500 0.07500 0.79786 0.07277 179.57484
4.12500 0.27500 0.79701 0.04240 331.59766
4.17500 0.37500 0.79721 0.04277 335.11259
3.92500 0.12500 0.79774 0.01825 142.05617
3.92500 0.07500 0.79805 0.07164 171.70137
4.12500 0.17500 0.79697 0.01316 254.44327
4.27500 0.42500 0.79743 0.04566 317.99134
3.87500 0.42500 0.79713 0.04667 33.54366
4.87500 0.37500 0.79959 0.02526 313.54024
4.42500 0.17500 0.79772 0.02614 254.65069
4.82500 0.27500 0.79823 0.01593 253.81748
4.52500 0.17500 0.79821 0.02973 235.49743
4.57500 0.22500 0.79842 0.03378 280.38524
4.57500 0.42500 0.79850 0.04075 309.40415
4.67500 0.22500 0.79860 0.03890 208.24489
4.72500 0.37500 0.79875 0.03384 299.51178
4.47500 0.02500 0.79593 0.12979 184.25955
4.87500 0.02500 0.79270 0.08715 179.65814
5.07500 0.22500 0.79744 0.00578 311.49361
5.07500 0.02500 0.79080 0.11319 180.43532
5.27500 0.07500 0.79081 0.09958 201.00322
5.37500 0.02500 0.78879 0.03782 187.67373
5.17500 0.02500 0.79060 0.10293 182.06567
5.37500 0.22500 0.79036 0.08396 262.46533
5.47500 0.17500 0.76322 0.00000 180.00000
5.17500 0.17500 0.79534 0.00689 174.25633
5.42500 0.12500 0.78891 0.05847 251.71999
5.32500 0.32500 0.79558 0.04429 276.99023
0.27500 0.87500 0.79733 0.05396 304.67367
0.27500 0.47500 0.79688 0.04014 345.02905
0.37500 0.77500 0.79717 0.05652 332.72774
0.32500 0.67500 0.79709 0.05389 332.86439
0.02500 0.47500 0.79710 0.06432 274.95006
0.17500 0.47500 0.79693 0.04504 306.19571
0.07500 0.57500 0.79749 0.06909 279.69138
0.17500 0.87500 0.79760 0.06071 288.79608
0.12500 0.72500 0.79762 0.06657 285.40986
0.22500 0.52500 0.79693 0.04089 314.83157
1.07500 0.87500 0.79898 0.09465 332.92600
0.87500 0.72500 0.79783 0.08460 345.79456
1.07500 0.77500 0.79954 0.08913 334.47281
0.67500 0.52500 0.79704 0.07161 8.57705
0.97500 0.52500 0.80009 0.07182 333.82738
0.87500 0.67500 0.79788 0.08288 348.88260
0.87500 0.47500 0.79915 0.07377 328.28360
0.67500 0.57500 0.79704 0.07495 4.89061
0.77500 0.67500 0.79805 0.08631 339.07878
0.57500 0.52500 0.79687 0.06728 28.21827
1.57500 0.57500 0.80552 0.05968 335.74117
1.27500 0.67500 0.80190 0.07402 331.77998
1.32500 0.82500 0.80070 0.07518 335.86573
1.22500 0.82500 0.79990 0.08269 335.13339
1.12500 0.82500 0.80040 0.08709 329.45707
1.17500 0.52500 0.80298 0.07258 328.63143
1.42500 0.47500 0.80983 0.06671 324.33254
1.57500 0.82500 0.80221 0.06541 336.13890
1.17500 0.77500 0.80070 0.07807 333.31350
1.37500 0.52500 0.80717 0.07017 324.78790
2.17500 0.62500 0.80599 0.07440 20.28115
1.72500 0.77500 0.80257 0.06070 336.27712
1.97500 0.67500 0.80408 0.05759 359.95026
1.72500 0.87500 0.80104 0.05889 339.04770
1.87500 0.82500 0.80071 0.05809 343.17793
1.72500 0.67500 0.80448 0.05978 335.95187
1.67500 0.52500 0.80808 0.05848 335.48145
1.82500 0.87500 0.80009 0.05708 343.95258
2.17500 0.67500 0.80536 0.07491 18.15437
1.82500 0.67500 0.80478 0.05427 344.28374
2.27500 0.82500 0.80329 0.07634 15.83508
2.37500 0.57500 0.80878 0.09662 24.61817
2.62500 0.47500 0.81177 0.10473 25.11406
2.32500 0.72500 0.80603 0.08641 21.91345
2.32500 0.82500 0.80367 0.08012 17.41503
2.32500 0.57500 0.80836 0.08854 25.28000
2.37500 0.77500 0.80527 0.08861 19.70689
2.62500 0.67500 0.80731 0.11461 19.59228
2.72500 0.87500 0.80571 0.10294 21.04071
2.72500 0.82500 0.80594 0.10782 20.29545
3.07500 0.62500 0.80766 0.11096 31.53139
3.12500 0.77500 0.80743 0.10291 32.90717
3.17500 0.52500 0.80570 0.08744 39.53375
2.97500 0.72500 0.80740 0.10661 23.90356
2.87500 0.82500 0.80632 0.10034 22.03787
3.12500 0.62500 0.80699 0.10128 35.19965
3.07500 0.67500 0.80754 0.10393 27.45761
2.77500 0.72500 0.80668 0.11238 20.62168
2.92500 0.47500 0.80761 0.10790 26.75979
2.97500 0.57500 0.80778 0.10868 26.28684
3.57500 0.47500 0.79692 0.07378 87.31986
3.67500 0.57500 0.79666 0.07964 87.23639
3.42500 0.47500 0.79829 0.07139 76.12531
3.67500 0.77500 0.79738 0.09940 86.08317
3.52500 0.62500 0.79772 0.09394 79.75353
3.52500 0.82500 0.79870 0.10023 79.85161
3.52500 0.67500 0.79836 0.09144 79.24062
3.77500 0.47500 0.79661 0.05431 69.09202
3.32500 0.47500 0.80162 0.06567 59.69018
3.77500 0.52500 0.79662 0.06101 79.85222
3.97500 0.77500 0.79733 0.07131 84.35017
4.07500 0.52500 0.79733 0.03077 19.37704
4.37500 0.62500 0.79811 0.02307 3.18121
4.32500 0.77500 0.79812 0.01952 43.71314
4.12500 0.57500 0.79756 0.02463 16.44075
3.92500 0.57500 0.79751 0.05271 85.36454
4.32500 0.62500 0.79800 0.02105 27.10062
4.32500 0.47500 0.79760 0.04042 317.99804
4.22500 0.87500 0.79790 0.02845 64.49769
4.07500 0.67500 0.79756 0.02889 45.67305
4.67500 0.52500 0.79846 0.04118 314.45884
4.67500 0.72500 0.79966 0.02261 11.22049
4.52500 0.87500 0.79873 0.02069 31.62383
4.92500 0.87500 0.79870 0.02333 57.63804
4.62500 0.62500 0.79850 0.03227 339.97594
4.72500 0.52500 0.79888 0.03911 319.72923
4.72500 0.47500 0.79875 0.03925 310.98131
4.77500 0.62500 0.79915 0.02878 338.60520
4.47500 0.67500 0.79807 0.02668 351.48728
4.67500 0.87500 0.79917 0.02009 37.17217
5.02500 0.67500 0.79907 0.01803 23.92054
5.37500 0.87500 0.77893 0.07326 274.97279
5.42500 0.82500 0.77611 0.09507 270.81363
5.07500 0.77500 0.79794 0.02520 47.13895
5.07500 0.82500 0.79753 0.02781 59.02564
5.22500 0.87500 0.79320 0.01708 2.41668
5.02500 0.62500 0.79925 0.01904 355.42128
5.02500 0.47500 0.79952 0.01643 316.45490
5.47500 0.72500 0.77733 0.09402 270.52407
4.97500 0.72500 0.79883 0.02184 41.32414
0.17500 1.32500 0.80043 0.06709 277.51168
0.47500 0.92500 0.79724 0.07676 333.84219
0.22500 0.92500 0.79738 0.05227 297.58957
0.32500 1.02500 0.79741 0.05388 313.44331
0.02500 0.97500 0.79912 0.07792 270.25001
0.12500 1.27500 0.79984 0.07011 273.09869
0.37500 1.02500 0.79729 0.05747 321.55662
0.52500 1.02500 0.79732 0.07004 329.08114
0.07500 1.22500 0.80051 0.07671 273.72961
0.42500 0.97500 0.79732 0.06411 319.55477
0.57500 0.92500 0.79709 0.08563 354.78740
0.62500 0.92500 0.79699 0.09169 5.35680
0.72500 1.07500 0.79765 0.09770 348.34964
0.92500 1.27500 0.79779 0.09624 359.05339
1.02500 1.02500 0.79753 0.10033 348.49518
0.92500 1.17500 0.79745 0.09904 359.56034
0.92500 1.32500 0.79800 0.09227 359.19893
0.92500 0.97500 0.79765 0.10572 344.98445
0.87500 0.97500 0.79766 0.10727 346.50655
0.62500 1.27500 0.79806 0.07126 351.16948
1.47500 1.02500 0.79863 0.06843 342.58454
1.57500 1.22500 0.79753 0.04705 349.88903
1.12500 1.27500 0.79754 0.08675 357.62175
1.12500 1.22500 0.79749 0.08998 356.36806
1.17500 1.22500 0.79724 0.08322 359.82099
1.22500 1.07500 0.79767 0.08452 352.08370
1.27500 1.32500 0.79712 0.07238 4.29428
1.32500 0.97500 0.79844 0.07952 343.36080
1.47500 0.92500 0.79927 0.07291 337.56814
1.42500 1.07500 0.79769 0.06714 351.99540
1.67500 1.12500 0.79769 0.04360 347.84466
2.12500 1.02500 0.80089 0.04673 355.75364
1.77500 1.17500 0.79775 0.03339 347.81177
1.92500 0.97500 0.80050 0.05743 342.18654
1.77500 1.12500 0.79772 0.03879 344.79930
2.02500 0.97500 0.80052 0.05331 352.34712
1.97500 1.22500 0.80084 0.02072 326.69333
1.72500 1.32500 0.79755 0.02829 7.92388
1.87500 0.92500 0.79996 0.05804 342.12070
1.92500 1.17500 0.79998 0.02488 340.63278
2.32500 1.27500 0.79949 0.02826 351.63765
2.32500 1.07500 0.80233 0.04136 3.97902
2.42500 1.27500 0.79934 0.02143 342.08929
2.62500 1.27500 0.79953 0.02722 4.59407
2.47500 0.92500 0.80412 0.08330 12.37437
2.62500 1.02500 0.80396 0.06993 17.73281
2.22500 1.22500 0.80088 0.02385 354.99696
2.22500 1.02500 0.80223 0.05198 0.15432
2.67500 0.92500 0.80487 0.08988 18.27972
2.37500 1.22500 0.80000 0.02541 358.62426
3.17500 1.02500 0.80648 0.07211 48.26023
2.87500 1.12500 0.80302 0.05506 31.89177
3.22500 0.92500 0.80723 0.08831 45.48170
2.92500 1.17500 0.80207 0.02972 21.24651
3.12500 1.12500 0.80556 0.06143 50.90026
3.12500 1.32500 0.80500 0.05089 75.01347
2.87500 1.02500 0.80512 0.08100 28.98247
3.02500 1.07500 0.80528 0.07000 39.74898
2.87500 1.22500 0.80212 0.03763 41.26183
3.17500 1.07500 0.80617 0.07012 49.60963
3.37500 1.17500 0.80650 0.08490 71.70590
3.52500 1.27500 0.80185 0.10375 94.98194
3.32500 1.27500 0.80629 0.07603 79.84883
3.72500 1.07500 0.79832 0.09427 92.63872
3.47500 1.17500 0.80284 0.10435 85.89482
3.82500 1.07500 0.79758 0.06879 98.18193
3.77500 1.07500 0.79770 0.08338 95.16768
3.42500 1.22500 0.80510 0.09385 85.18363
3.37500 0.97500 0.80611 0.09922 64.90706
3.77500 1.17500 0.79767 0.06359 94.84446
4.32500 1.17500 0.79762 0.01698 42.68459
4.07500 1.17500 0.79787 0.02439 87.15636
4.17500 1.12500 0.79792 0.01669 78.45439
3.97500 0.92500 0.79750 0.05898 93.26605
4.32500 1.32500 0.79724 0.01395 77.95689
4.37500 1.27500 0.79716 0.01571 65.80052
3.97500 1.17500 0.79777 0.04714 95.34297
3.97500 1.32500 0.79795 0.04010 93.61733
4.22500 1.17500 0.79795 0.01607 61.25012
4.12500 1.17500 0.79787 0.02340 86.47253
4.52500 1.22500 0.79665 0.01200 54.49562
4.72500 0.97500 0.79870 0.02392 39.72584
4.92500 1.27500 0.79764 0.02276 60.60796
4.62500 1.17500 0.79697 0.01975 40.54466
4.62500 1.22500 0.79625 0.01627 65.75137
4.77500 1.27500 0.79763 0.01549 70.26655
4.47500 1.32500 0.79626 0.01275 83.33218
4.57500 1.32500 0.79719 0.00990 86.93248
4.82500 1.22500 0.79649 0.02498 68.11766
4.92500 1.32500 0.80005 0.02159 54.29264
5.27500 0.92500 0.78797 0.00387 265.99878
4.97500 1.22500 0.79696 0.03007 63.00032
4.97500 1.12500 0.79771 0.02833 64.87315
5.27500 0.97500 0.78597 0.00658 305.84158
5.37500 0.97500 0.77749 0.06147 271.62194
4.97500 1.07500 0.79762 0.03098 68.42869
5.42500 0.97500 0.77267 0.09479 271.05185
5.12500 1.27500 0.79608 0.03453 59.23830
5.37500 1.02500 0.77434 0.07316 271.98951
5.22500 1.22500 0.78929 0.03024 28.22632
0.42500 1.37500 0.79893 0.05186 322.72576
0.27500 1.67500 0.80257 0.06162 275.17675
0.22500 1.37500 0.80039 0.06226 285.75072
0.47500 1.57500 0.80062 0.05422 302.38285
0.02500 1.37500 0.80135 0.06933 270.57848
0.52500 1.42500 0.79968 0.05617 331.49130
0.42500 1.57500 0.80081 0.05716 298.52006
0.27500 1.47500 0.80052 0.05695 288.67039
0.52500 1.37500 0.79887 0.05539 330.80172
0.42500 1.47500 0.79999 0.05262 310.85404
0.97500 1.42500 0.79754 0.07777 7.55910
0.72500 1.57500 0.79884 0.05422 4.15638
1.02500 1.37500 0.79733 0.08094 6.81860
0.62500 1.37500 0.79882 0.07453 349.26748
0.57500 1.67500 0.79993 0.04016 327.12505
0.92500 1.72500 0.79875 0.04459 10.94959
0.92500 1.42500 0.79771 0.07884 5.48787
0.82500 1.52500 0.79841 0.05896 9.68598
0.97500 1.72500 0.79860 0.04842 15.97953
0.77500 1.77500 0.79971 0.02828 346.71075
1.32500 1.67500 0.79760 0.05402 26.73106
1.22500 1.72500 0.79793 0.05143 35.76691
1.57500 1.52500 0.79699 0.04160 22.76818
1.22500 1.52500 0.79757 0.06620 8.73234
1.32500 1.47500 0.79711 0.06415 15.55280
1.27500 1.37500 0.79716 0.07164 4.91639
1.32500 1.52500 0.79721 0.06220 17.05126
1.22500 1.67500 0.79785 0.05551 25.07862
1.47500 1.47500 0.79694 0.05295 15.88148
1.42500 1.62500 0.79757 0.05330 30.22085
2.17500 1.57500 0.79807 0.04080 348.60745
1.92500 1.57500 0.79754 0.03692 12.60960
1.97500 1.37500 0.79879 0.03179 6.88357
2.17500 1.67500 0.79770 0.03661 354.29408
2.02500 1.62500 0.79791 0.03965 350.94625
1.97500 1.72500 0.79774 0.03700 348.95127
2.17500 1.72500 0.79785 0.02914 357.44297
1.97500 1.67500 0.79756 0.03787 358.60798
1.77500 1.72500 0.79714 0.02460 32.41761
2.02500 1.57500 0.79814 0.04087 353.39663
2.67500 1.72500 0.79963 0.02144 96.67080
2.22500 1.62500 0.79774 0.03673 358.33045
2.72500 1.77500 0.80081 0.03827 128.47509
2.22500 1.77500 0.79841 0.01149 350.52948
2.47500 1.67500 0.79846 0.01951 29.67931
2.47500 1.47500 0.79827 0.02979 351.46733
2.27500 1.62500 0.79765 0.03505 359.80384
2.22500 1.42500 0.79903 0.03409 343.17036
2.47500 1.37500 0.79900 0.02519 347.50327
2.57500 1.57500 0.79822 0.02695 9.00799
3.12500 1.57500 0.80566 0.06941 107.71448
3.02500 1.37500 0.80311 0.02875 99.81288
2.97500 1.62500 0.80380 0.04662 123.67303
2.97500 1.47500 0.80309 0.03304 89.75722
2.97500 1.72500 0.80438 0.05760 127.04697
3.12500 1.72500 0.80544 0.08416 131.08794
3.17500 1.42500 0.80529 0.05564 96.09686
2.77500 1.62500 0.79983 0.02690 79.74278
2.87500 1.42500 0.80183 0.03038 63.21565
2.82500 1.72500 0.80118 0.04102 119.18350
3.47500 1.47500 0.80367 0.08854 105.29031
3.62500 1.77500 0.79903 0.05762 118.19299
3.52500 1.57500 0.80228 0.07875 107.59056
3.37500 1.52500 0.80485 0.08433 103.61439
3.82500 1.77500 0.79839 0.04425 118.24463
3.52500 1.42500 0.80232 0.08929 99.71023
3.42500 1.57500 0.80405 0.08214 108.19671
3.77500 1.62500 0.79885 0.05504 115.20556
3.32500 1.62500 0.80488 0.08399 120.28639
3.62500 1.67500 0.80104 0.06977 112.31224
3.97500 1.72500 0.79795 0.03805 116.10039
3.97500 1.47500 0.79821 0.03705 98.33349
4.32500 1.37500 0.79720 0.01445 101.93970
4.07500 1.57500 0.79770 0.03114 108.59789
4.27500 1.72500 0.82315 0.01221 126.41019
4.32500 1.72500 0.82939 0.01066 133.36559
4.22500 1.77500 0.83408 0.01052 141.75710
4.32500 1.62500 0.80536 0.01438 120.09581
4.02500 1.67500 0.79852 0.03639 116.10033
4.17500 1.37500 0.79763 0.02411 87.88418
4.87500 1.72500 0.92964 0.02543 311.58863
4.52500 1.72500 0.87614 0.00898 293.08128
4.47500 1.77500 0.88913 0.00592 277.18507
4.47500 1.52500 0.80353 0.00882 107.40825
4.62500 1.57500 0.83033 0.00202 287.26947
4.72500 1.67500 0.87647 0.01158 293.24407
4.62500 1.77500 0.91427 0.01385 293.58436
4.67500 1.77500 0.92235 0.01544 293.95872
4.67500 1.37500 0.79981 0.00974 85.87664
4.82500 1.47500 0.81103 0.00976 41.59454
5.07500 1.52500 0.81512 0.02550 54.46493
4.97500 1.72500 0.92746 0.02488 314.39759
4.97500 1.67500 0.90371 0.01775 330.97989
5.22500 1.42500 0.78237 0.01539 343.34356
5.27500 1.67500 0.79426 0.01245 305.65533
5.37500 1.42500 0.77132 0.05370 274.26122
5.17500 1.72500 0.85323 0.00803 52.74471
5.07500 1.37500 0.80404 0.03050 45.49151
5.37500 1.57500 0.78038 0.01330 289.41613
5.12500 1.47500 0.80885 0.02974 54.80278
0.37500 2.17500 0.80393 0.02704 218.27266
0.27500 2.22500 0.80467 0.02429 219.05037
0.52500 2.02500 0.80145 0.02220 213.70438
0.22500 1.92500 0.80349 0.04070 260.68118
0.02500 2.12500 0.80572 0.01852 268.26711
0.37500 1.82500 0.80080 0.02466 277.12790
0.17500 2.12500 0.80483 0.02646 246.90376
0.07500 1.87500 0.80452 0.04147 269.15727
0.37500 2.07500 0.80294 0.02889 227.21661
0.17500 2.22500 0.80572 0.01484 224.26303
0.62500 1.82500 0.80038 0.01871 296.81154
0.72500 2.17500 0.80369 0.04310 163.18362
0.72500 1.92500 0.80011 0.00320 88.74685
0.77500 2.17500 0.80306 0.03732 167.21139
1.02500 1.82500 0.79928 0.02943 45.90851
0.92500 1.92500 0.79997 0.01196 84.43246
0.97500 2.22500 0.80560 0.03960 160.29751
0.62500 1.97500 0.80119 0.01836 195.57254
0.57500 2.02500 0.80121 0.02059 201.78074
0.77500 1.87500 0.79999 0.00899 0.95590
1.17500 2.17500 0.80431 0.03173 157.24956
1.37500 1.97500 0.79894 0.02933 82.69325
1.22500 2.22500 0.80552 0.04119 160.87011
1.32500 1.82500 0.79828 0.04309 48.82033
1.62500 2.17500 0.80956 0.03864 183.73912
1.57500 1.92500 0.79794 0.03567 67.59016
1.22500 1.97500 0.79928 0.02505 82.65933
1.37500 1.82500 0.79816 0.04303 45.97932
1.42500 2.17500 0.80294 0.02388 151.46038
1.47500 2.12500 0.80854 0.03788 200.55427
2.12500 1.92500 0.79944 0.02258 91.72571
1.72500 2.07500 0.79916 0.02945 107.28439
2.02500 2.07500 0.80700 0.06526 121.99515
2.12500 1.87500 0.79866 0.01652 61.54182
1.72500 1.82500 0.79742 0.02597 46.24808
1.97500 2.12500 0.80167 0.07769 89.99263
2.12500 1.82500 0.79837 0.01818 39.82172
1.82500 2.12500 0.80123 0.02102 133.13002
1.82500 2.17500 0.80337 0.02379 141.98347
1.72500 1.97500 0.79818 0.03199 74.63022
2.57500 2.17500 0.81268 0.07734 147.32086
2.67500 2.02500 0.80423 0.09320 150.62416
2.52500 1.82500 0.80045 0.04659 149.05312
2.22500 1.92500 0.79907 0.02012 104.71312
2.22500 2.17500 0.85175 0.11666 140.34221
2.22500 2.12500 0.81432 0.07954 121.46781
2.22500 1.87500 0.79891 0.00979 108.08345
2.27500 2.07500 0.80501 0.06485 130.34064
2.52500 2.02500 0.80314 0.09058 147.24501
2.37500 1.87500 0.79963 0.03197 146.94608
2.92500 2.22500 0.82017 0.05307 99.44635
2.92500 2.17500 0.81280 0.06116 112.55645
3.17500 2.07500 0.81858 0.10990 116.12906
3.17500 2.02500 0.80442 0.07978 140.01879
3.27500 2.17500 0.84354 0.11983 126.54764
2.97500 2.12500 0.80747 0.08976 121.42684
2.97500 2.07500 0.80580 0.08509 137.24304
3.07500 1.92500 0.80493 0.09352 143.71948
2.77500 1.82500 0.80217 0.05915 138.23454
3.07500 1.82500 0.80517 0.09332 140.62679
3.82500 2.02500 0.82242 0.03085 120.50509
3.77500 1.87500 0.80113 0.04275 123.02836
3.67500 2.12500 0.83509 0.04279 126.52447
3.52500 2.17500 0.81172 0.04975 126.09596
3.72500 1.97500 0.80174 0.04687 124.08672
3.52500 2.07500 0.80582 0.05102 130.15788
3.32500 2.22500 0.86131 0.06419 162.38931
3.32500 2.12500 0.83565 0.08569 120.86628
3.57500 2.17500 0.82650 0.05117 128.82770
3.47500 2.12500 0.81411 0.04757 129.97676
4.17500 2.02500 0.87797 0.01518 133.02507
4.32500 2.22500 0.95578 0.01553 204.83185
4.02500 1.82500 0.80398 0.02963 117.36942
4.32500 2.17500 0.95248 0.01320 206.11850
3.97500 2.22500 0.88349 0.02889 133.97622
3.87500 1.82500 0.79916 0.04138 118.13195
4.37500 1.82500 0.86715 0.00349 186.08635
4.27500 2.22500 0.94726 0.01605 180.92807
4.12500 1.92500 0.83474 0.02026 124.68621
4.37500 2.02500 0.92787 0.01006 218.41959
4.47500 1.87500 0.91811 0.00987 258.18908
4.62500 2.07500 0.97395 0.02451 265.71784
4.82500 1.97500 0.97421 0.03267 285.58888
4.92500 2.07500 0.97851 0.04039 288.35421
4.92500 2.17500 0.98021 0.04270 286.91133
4.92500 1.97500 0.97569 0.04216 293.09866
4.82500 2.12500 0.97591 0.03409 281.72853
4.77500 1.87500 0.96016 0.02640 293.36961
4.62500 2.17500 0.97954 0.02875 260.67201
4.42500 1.87500 0.90477 0.00867 243.10974
5.42500 2.02500 0.78207 0.01338 318.48380
4.97500 1.87500 0.96509 0.04849 305.10914
4.97500 1.97500 0.97180 0.04405 298.97376
5.42500 2.12500 0.78642 0.01473 19.83693
5.02500 2.17500 0.96630 0.05512 291.81299
5.22500 1.92500 0.83454 0.01191 328.95371
5.07500 2.17500 0.96475 0.04885 290.06729
5.37500 1.92500 0.78525 0.01947 270.61796
5.12500 2.07500 0.95145 0.04349 308.02404
5.42500 2.07500 0.78531 0.01443 346.45485
0.12500 2.37500 0.80660 0.00476 141.66007
0.32500 2.27500 0.80468 0.02376 201.68499
0.22500 2.42500 0.80738 0.01627 167.10832
0.07500 2.52500 0.80790 0.02479 92.68233
0.32500 2.67500 0.81059 0.01296 98.61167
0.32500 2.37500 0.80546 0.02318 176.48841
0.32500 2.42500 0.80623 0.02179 169.66458
0.27500 2.37500 0.80580 0.02213 181.63140
0.42500 2.37500 0.80536 0.02523 172.13970
0.02500 2.67500 0.80854 0.02699 88.11065
1.07500 2.52500 0.82889 0.00661 321.44848
1.07500 2.37500 0.82207 0.03312 187.00699
1.02500 2.47500 0.82330 0.01563 182.89719
0.57500 2.52500 0.81042 0.03481 141.54326
0.72500 2.37500 0.80809 0.04747 161.42765
0.92500 2.37500 0.81353 0.03851 177.11233
0.92500 2.67500 0.82794 0.01574 32.76146
0.77500 2.57500 0.81752 0.01676 120.23675
0.87500 2.57500 0.82099 0.01580 147.14491
0.62500 2.27500 0.80366 0.04026 160.65153
1.62500 2.62500 0.83143 0.05421 345.61257
1.32500 2.67500 0.83034 0.05181 352.33594
1.62500 2.67500 0.83135 0.05509 345.39619
1.12500 2.52500 0.83094 0.00496 276.59518
1.22500 2.67500 0.83126 0.04297 0.29334
1.27500 2.47500 0.83395 0.01499 246.90680
1.62500 2.47500 0.83484 0.02677 324.01197
1.32500 2.37500 0.82775 0.03751 202.87367
1.22500 2.37500 0.82548 0.03583 200.94910
1.57500 2.47500 0.83353 0.01977 316.02449
1.92500 2.52500 0.83900 0.03202 322.77941
2.02500 2.62500 0.88766 0.03056 356.04127
1.97500 2.47500 0.85493 0.04790 313.08803
2.07500 2.27500 0.83434 0.08523 63.94302
1.82500 2.42500 0.83496 0.00666 273.87707
1.77500 2.32500 0.83061 0.02120 233.30305
1.97500 2.27500 0.83153 0.03476 39.09226
2.02500 2.37500 0.88560 0.04935 204.23833
1.67500 2.62500 0.83176 0.05315 344.49435
2.17500 2.47500 5.73207 0.03653 133.14738
2.27500 2.32500 4.06523 0.08822 126.18017
2.57500 2.67500 0.92917 0.07618 87.42681
2.67500 2.67500 0.87471 0.04677 92.25486
2.32500 2.42500 5.68567 0.09849 119.00601
2.57500 2.42500 0.92001 0.08154 123.21651
2.22500 2.47500 9.47819 0.06263 131.71863
2.22500 2.42500 10.28077 0.07204 137.48662
2.72500 2.42500 0.85137 0.05925 125.69393
2.32500 2.67500 3.04997 0.08308 88.38607
2.32500 2.32500 3.02702 0.09734 116.50451
3.12500 2.37500 0.89327 0.06177 253.29898
3.27500 2.42500 0.89997 0.05996 231.01785
3.27500 2.67500 0.90473 0.01482 204.93983
2.77500 2.42500 0.85469 0.04551 145.10183
3.12500 2.67500 0.89639 0.02394 246.70086
2.87500 2.37500 0.85805 0.05682 106.96484
3.22500 2.27500 0.86259 0.07085 150.49687
3.22500 2.37500 0.88603 0.03057 307.52973
2.77500 2.47500 0.87190 0.03164 150.58306
3.27500 2.27500 0.88043 0.03867 207.42658
3.52500 2.62500 0.91218 0.03289 140.81234
3.62500 2.32500 0.86866 0.04772 127.72965
3.47500 2.32500 0.87279 0.05026 125.04338
3.67500 2.47500 0.90041 0.04256 131.91416
3.57500 2.67500 0.92099 0.02871 131.90861
3.57500 2.32500 0.86460 0.04961 129.06024
3.72500 2.37500 0.89194 0.04225 133.37931
3.57500 2.52500 0.90238 0.05289 139.43983
3.57500 2.37500 0.87419 0.05225 126.90937
3.37500 2.52500 0.89654 0.05733 153.42154
4.32500 2.62500 0.97438 0.01731 218.00851
4.17500 2.62500 0.96995 0.02548 152.35877
4.27500 2.52500 0.97231 0.02170 183.40833
4.22500 2.27500 0.94410 0.01769 172.23629
4.12500 2.42500 0.94274 0.02036 151.52202
3.97500 2.27500 0.91963 0.02799 136.85321
4.02500 2.42500 0.93413 0.02300 140.36350
4.07500 2.32500 0.93081 0.02204 144.00895
3.87500 2.52500 0.92401 0.03326 135.91363
4.37500 2.67500 0.97423 0.02450 261.76408
4.52500 2.67500 0.98361 0.04432 280.33375
4.77500 2.52500 0.99209 0.05906 281.57439
4.67500 2.32500 0.98223 0.03666 268.99958
4.52500 2.47500 0.97779 0.03431 271.25262
4.87500 2.27500 0.98535 0.04545 283.30549
4.52500 2.32500 0.97631 0.02964 257.41249
4.77500 2.37500 0.98701 0.05095 279.38653
4.47500 2.62500 0.97990 0.03222 273.62957
4.52500 2.57500 0.97839 0.03884 276.19356
4.92500 2.42500 0.98338 0.05731 288.39069
5.17500 2.47500 0.92141 0.03122 359.85318
5.32500 2.57500 0.83025 0.05031 70.25041
5.42500 2.37500 0.78449 0.03335 81.48113
5.17500 2.62500 0.90912 0.03285 8.56182
5.32500 2.67500 0.83268 0.06901 77.91336
5.12500 2.32500 0.94512 0.03196 295.41865
5.02500 2.62500 0.96290 0.06233 301.40516
5.02500 2.67500 0.95776 0.06550 299.08519
5.27500 2.37500 0.81411 0.02059 60.37246
5.22500 2.47500 0.89384 0.00403 39.65983
0.27500 3.07500 0.81526 0.03547 19.15513
0.32500 2.92500 0.81359 0.02406 30.51866
0.22500 2.87500 0.81126 0.01801 54.76559
0.42500 2.87500 0.81501 0.02288 44.69891
0.42500 2.92500 0.81576 0.02831 34.31880
0.37500 3.02500 0.81520 0.03746 17.23542
0.27500 2.77500 0.81166 0.01308 69.77730
0.27500 2.72500 0.81142 0.01152 78.07548
0.07500 3.02500 0.81032 0.01595 68.09854
0.47500 3.12500 0.82278 0.06301 11.00676
0.72500 3.12500 0.82336 0.08013 9.18489
0.62500 2.82500 0.81584 0.02787 48.30159
1.07500 2.97500 0.82644 0.07245 4.82998
0.82500 2.92500 0.82580 0.04798 20.24019
0.72500 2.87500 0.82273 0.03436 35.15187
0.57500 2.72500 0.81393 0.02186 85.75005
0.92500 2.82500 0.82758 0.03767 18.04538
1.02500 3.12500 0.82963 0.07304 7.67966
0.87500 2.72500 0.82692 0.01969 29.31179
0.82500 2.77500 0.82250 0.03008 26.73545
1.27500 3.02500 0.82730 0.07155 3.13274
1.37500 3.02500 0.82726 0.06468 7.26566
1.57500 2.97500 0.83013 0.06818 1.00007
1.42500 3.07500 0.82824 0.06901 3.37280
1.32500 2.82500 0.82696 0.06130 359.39248
1.57500 2.77500 0.82953 0.06434 350.85098
1.22500 3.12500 0.82908 0.07653 1.81961
1.37500 2.77500 0.82843 0.05955 354.17835
1.57500 2.87500 0.82921 0.06545 355.91688
1.47500 2.92500 0.82971 0.06716 355.75636
1.92500 2.82500 0.83946 0.05459 4.34960
2.02500 2.82500 0.85568 0.05319 16.61567
2.07500 2.87500 0.86273 0.05226 18.54242
2.07500 3.07500 0.85665 0.06935 25.29391
1.92500 2.92500 0.84509 0.05716 14.94304
2.12500 2.72500 0.98341 0.04620 55.40525
2.12500 2.87500 0.93922 0.05083 23.83658
1.82500 2.87500 0.84199 0.05654 9.99213
1.77500 2.92500 0.84214 0.05868 10.81399
1.92500 2.72500 0.84271 0.04871 359.76475
2.67500 2.87500 0.90088 0.06577 77.70932
2.37500 3.12500 1.22594 0.08657 48.20761
2.57500 2.97500 1.30588 0.10859 62.50759
2.72500 2.97500 0.89979 0.07446 68.03713
2.37500 2.92500 1.67773 0.09745 62.52515
2.22500 2.97500 0.94888 0.06658 39.41111
2.42500 2.92500 1.69005 0.09776 64.76924
2.22500 3.07500 0.94730 0.07009 37.29497
2.27500 2.87500 1.47505 0.07979 57.87359
2.32500 2.82500 1.81999 0.08609 63.91116
3.12500 2.77500 0.89048 0.01213 313.49696
2.77500 2.82500 0.87291 0.02929 76.57579
3.12500 2.82500 0.89177 0.00375 299.57425
3.22500 2.72500 0.90303 0.01643 216.48630
2.77500 2.72500 0.87582 0.00923 129.63871
3.27500 2.92500 0.91903 0.01996 160.83868
3.07500 3.07500 0.88110 0.02787 86.64682
2.97500 3.02500 0.87311 0.03774 53.32746
2.92500 2.77500 0.88223 0.02074 175.46572
2.82500 2.87500 0.87406 0.03304 103.58206
3.52500 2.87500 0.93730 0.03061 147.89343
3.82500 2.92500 0.97443 0.02408 152.33897
3.37500 2.97500 0.92592 0.01646 142.37836
3.72500 2.92500 0.96858 0.02896 157.35731
3.62500 2.97500 0.97181 0.02980 158.85204
3.57500 2.87500 0.94345 0.03212 148.19502
3.72500 2.72500 0.93005 0.03079 134.86841
3.32500 2.77500 0.90982 0.01258 168.44899
3.57500 2.92500 0.95441 0.03472 154.18763
3.37500 2.92500 0.92745 0.02140 153.99783
4.37500 2.82500 0.98211 0.03096 302.33494
4.07500 2.87500 0.97755 0.01733 135.16363
3.92500 2.87500 0.98258 0.02222 153.34270
3.87500 2.82500 0.96531 0.02850 149.04314
3.87500 3.12500 0.98422 0.00170 265.26442
4.17500 2.77500 0.96466 0.00260 19.34211
4.27500 3.02500 0.98843 0.03261 323.45337
4.07500 2.77500 0.96077 0.01390 114.88741
4.22500 3.12500 0.99075 0.03414 338.74081
3.97500 3.02500 0.98507 0.00201 295.67187
4.82500 2.72500 0.99472 0.07554 285.05356
4.52500 2.97500 0.99506 0.07542 300.16512
4.52500 3.02500 0.99669 0.08081 303.33806
4.42500 2.82500 0.98268 0.04110 292.03438
4.42500 3.12500 0.99744 0.08008 310.42668
4.62500 3.02500 1.00465 0.08639 299.19374
4.57500 3.02500 1.00241 0.08526 301.46970
4.77500 2.92500 0.99976 0.08042 288.83375
4.47500 3.12500 1.00122 0.08602 307.33750
4.72500 2.77500 1.00061 0.07895 287.55362
5.12500 2.72500 0.90516 0.02680 315.95257
5.27500 3.02500 0.83862 0.04409 102.28355
5.02500 3.07500 0.95934 0.04733 276.03942
5.32500 2.92500 0.82018 0.05783 102.64486
5.42500 3.02500 0.79715 0.08270 92.22443
5.42500 2.72500 0.79209 0.08383 88.05851
5.37500 3.07500 0.81914 0.06876 99.10476
4.97500 2.72500 0.97253 0.07457 292.44491
5.07500 2.77500 0.90818 0.02585 283.21387
5.47500 2.82500 0.78923 0.08314 88.43546
0.47500 3.47500 0.85308 0.02854 359.91970
0.12500 3.42500 0.85909 0.05995 283.54480
0.17500 3.47500 0.85848 0.06587 286.31100
0.52500 3.47500 0.85170 0.03772 4.60723
0.42500 3.42500 0.85477 0.04908 337.56780
0.17500 3.32500 0.85355 0.04952 329.14141
0.52500 3.17500 0.82492 0.07562 7.05641
0.47500 3.42500 0.85321 0.04157 351.07466
0.02500 3.47500 0.86161 0.06233 271.17664
0.37500 3.42500 0.85548 0.04643 326.49816
0.67500 3.17500 0.82493 0.08406 9.02755
0.62500 3.32500 0.84667 0.06665 9.56126
0.72500 3.32500 0.83481 0.07831 14.35922
0.67500 3.27500 0.83368 0.08617 9.96407
1.07500 3.37500 0.83200 0.06460 13.10696
0.57500 3.22500 0.82699 0.08157 5.74834
0.97500 3.57500 0.83855 0.04031 19.04183
0.77500 3.42500 0.83985 0.05986 17.83256
1.07500 3.32500 0.83100 0.07190 9.55141
0.62500 3.52500 0.84841 0.04253 24.14851
1.62500 3.17500 0.82940 0.07347 8.40583
1.42500 3.22500 0.83049 0.07352 2.45570
1.17500 3.27500 0.82947 0.07261 5.85742
1.42500 3.52500 0.85748 0.04039 5.72612
1.42500 3.57500 0.86574 0.03246 1.37695
1.47500 3.47500 0.85186 0.05000 0.57294
1.52500 3.27500 0.83430 0.07382 1.84761
1.17500 3.22500 0.82990 0.07463 4.71901
1.22500 3.27500 0.82957 0.07290 5.38370
1.32500 3.42500 0.83566 0.05544 7.23269
2.12500 3.32500 0.84701 0.08261 30.46062
1.92500 3.52500 0.86137 0.05852 25.32149
2.02500 3.37500 0.84260 0.08321 30.10873
2.17500 3.27500 0.85456 0.08071 30.64479
1.87500 3.47500 0.85440 0.06311 21.84187
1.77500 3.17500 0.83220 0.07852 9.75141
1.92500 3.42500 0.84656 0.07439 25.18022
1.67500 3.17500 0.83043 0.07476 6.81416
2.12500 3.42500 0.84502 0.08723 34.15096
1.97500 3.57500 0.86458 0.05761 26.62732
2.57500 3.27500 1.20326 0.10334 46.85469
2.27500 3.37500 0.88249 0.08503 36.62732
2.32500 3.27500 1.01076 0.08190 40.88584
2.42500 3.32500 1.11284 0.08767 44.24670
2.42500 3.22500 1.11544 0.08429 44.01464
2.27500 3.22500 1.00845 0.07923 39.35097
2.62500 3.47500 1.14666 0.09539 46.12563
2.67500 3.17500 1.14355 0.11408 51.13783
2.32500 3.32500 0.93925 0.08506 39.70553
2.37500 3.57500 0.89339 0.09234 46.85185
2.97500 3.17500 0.88309 0.07073 46.23740
3.27500 3.42500 0.92483 0.09279 24.73676
3.17500 3.52500 1.02796 0.10673 25.00911
3.07500 3.27500 0.91019 0.08892 40.84102
2.82500 3.42500 1.11673 0.11285 39.82702
2.77500 3.42500 1.11391 0.11202 41.68876
2.87500 3.37500 1.09955 0.11292 42.57029
2.82500 3.32500 1.11010 0.11729 44.89292
3.02500 3.37500 1.01003 0.11085 38.43621
3.07500 3.37500 0.97981 0.10420 33.51926
3.32500 3.32500 0.89909 0.07485 32.52227
3.42500 3.47500 0.96992 0.09236 13.49308
3.67500 3.17500 0.95278 0.01734 6.62488
3.37500 3.22500 0.90926 0.03872 55.06617
3.62500 3.57500 1.00957 0.09581 351.67031
3.72500 3.47500 0.99087 0.09140 351.22715
3.67500 3.22500 0.95085 0.02198 3.99091
3.32500 3.22500 0.89735 0.04409 51.19610
3.62500 3.22500 0.95844 0.01223 76.47511
3.62500 3.37500 0.92502 0.07916 359.82629
4.22500 3.52500 1.02326 0.10805 331.81740
4.07500 3.37500 0.98650 0.07100 348.59511
4.17500 3.32500 0.99163 0.08652 335.28915
3.97500 3.22500 0.97581 0.04412 342.87531
3.92500 3.37500 0.96211 0.07487 346.94745
4.37500 3.47500 1.02261 0.10375 326.68673
3.87500 3.22500 0.96600 0.03470 343.43993
4.37500 3.17500 0.99767 0.08257 317.34591
3.97500 3.32500 0.96444 0.06712 346.01552
4.12500 3.37500 0.99724 0.08365 340.17431
4.52500 3.57500 1.00325 0.09787 323.48021
4.92500 3.32500 0.97192 0.05302 297.48824
4.57500 3.22500 1.00883 0.09168 308.37871
4.72500 3.57500 0.98095 0.05991 311.08157
4.42500 3.47500 1.01599 0.10302 323.57394
4.92500 3.52500 0.96754 0.03998 293.16660
4.67500 3.52500 1.00019 0.08074 312.42501
4.77500 3.32500 0.99230 0.07462 304.53976
4.57500 3.52500 0.99905 0.09670 321.30966
4.62500 3.47500 1.00264 0.09254 316.95743
5.07500 3.22500 0.94342 0.04146 275.95259
5.17500 3.42500 0.93652 0.02373 283.22808
5.32500 3.42500 0.87694 0.03012 84.05471
5.22500 3.57500 0.91308 0.01803 258.90200
5.07500 3.57500 0.95788 0.03236 287.03504
5.02500 3.42500 0.95883 0.04066 283.83118
5.47500 3.22500 0.82855 0.06546 88.82711
5.22500 3.47500 0.90849 0.01211 115.06262
5.12500 3.17500 0.92227 0.02941 265.35771
5.22500 3.27500 0.89467 0.00941 57.84623
0.47500 3.62500 0.85077 0.00764 240.51559
0.02500 3.87500 0.86703 0.06964 270.48541
0.27500 3.92500 0.87029 0.05766 236.76743
0.27500 3.72500 0.86148 0.06069 254.91959
0.42500 3.92500 0.86571 0.04894 211.19868
0.22500 3.77500 0.86270 0.06995 256.62534
0.12500 4.02500 0.87073 0.05989 248.47753
0.27500 3.77500 0.86237 0.06135 250.89463
0.12500 3.97500 0.87063 0.06284 254.25625
0.02500 3.77500 0.86507 0.08214 268.00463
1.07500 3.62500 0.84292 0.02659 34.10239
0.87500 4.02500 0.88780 0.05158 186.40030
0.72500 3.72500 0.85211 0.01524 132.15485
0.82500 3.87500 0.87618 0.04076 180.80119
0.92500 3.77500 0.86401 0.01489 146.30993
0.67500 3.72500 0.84981 0.01304 115.18943
0.72500 3.67500 0.85025 0.01375 112.08773
0.77500 3.87500 0.87141 0.04139 179.08623
0.62500 3.72500 0.84923 0.00932 130.78126
1.07500 3.97500 0.89316 0.05465 191.85896
1.17500 3.92500 0.89221 0.04882 196.95778
1.37500 4.02500 0.89299 0.06017 205.73887
1.22500 4.02500 0.89853 0.07106 196.49921
1.27500 3.77500 0.88612 0.03148 206.04405
1.52500 3.87500 0.89119 0.05756 215.38262
1.57500 3.87500 0.88885 0.05525 221.58101
1.47500 3.62500 0.87442 0.01904 344.02153
1.42500 4.02500 0.89188 0.05985 207.55835
1.32500 3.62500 0.85845 0.02405 13.80517
1.52500 3.97500 0.89051 0.06072 213.87328
1.67500 4.02500 0.88250 0.05103 224.01552
1.92500 3.87500 0.87895 0.02258 297.22320
2.12500 4.02500 0.87172 0.01140 349.69515
2.02500 3.97500 0.87268 0.01581 295.23585
2.02500 3.67500 0.86743 0.06004 32.38775
1.77500 3.77500 0.88494 0.02867 278.32227
2.17500 3.77500 0.85887 0.08948 47.44117
1.72500 3.82500 0.88617 0.03977 246.05799
2.17500 3.97500 0.87012 0.02952 37.02903
1.72500 4.02500 0.88093 0.05360 225.70303
2.57500 3.67500 0.96012 0.09542 48.04135
2.72500 3.82500 0.92094 0.08220 32.53000
2.57500 3.77500 0.89748 0.09179 47.98495
2.57500 3.62500 1.00158 0.09540 47.28959
2.72500 3.72500 1.02687 0.08781 41.09815
2.42500 3.72500 0.86779 0.09658 50.12455
2.47500 3.67500 0.90416 0.09337 49.38672
2.32500 3.72500 0.85913 0.09149 50.21929
2.52500 3.62500 0.95607 0.09253 48.36029
2.32500 3.97500 0.86188 0.07769 46.34556
3.02500 3.67500 1.08445 0.09956 25.52520
3.12500 3.87500 0.95559 0.09195 10.44473
3.02500 3.97500 0.89464 0.08697 9.43091
2.82500 3.72500 1.02553 0.09030 35.39384
3.22500 4.02500 0.93620 0.08854 1.83175
2.87500 3.67500 1.07401 0.09426 33.68670
2.77500 3.62500 1.07902 0.10239 40.87322
2.97500 3.82500 0.99186 0.08656 24.66418
2.82500 3.77500 1.00697 0.08865 34.52184
2.77500 4.02500 0.87386 0.07991 31.47035
3.47500 3.67500 1.06044 0.09985 358.59974
3.62500 3.92500 0.93722 0.09670 346.67365
3.32500 3.92500 0.94671 0.09729 358.59234
3.77500 3.77500 1.01574 0.10044 343.69963
3.42500 3.62500 1.06940 0.09964 2.84173
3.62500 3.67500 1.04126 0.10008 350.50474
3.82500 3.92500 0.95608 0.10519 342.33501
3.37500 4.02500 0.92620 0.09996 352.17469
3.62500 3.97500 0.93402 0.09729 345.89520
3.77500 3.62500 1.03912 0.10123 346.82041
3.92500 3.77500 0.99129 0.10655 340.10924
4.37500 3.77500 0.97077 0.08871 327.18056
4.37500 3.97500 0.98028 0.05719 328.06365
4.12500 3.67500 1.01581 0.10751 336.99315
3.92500 3.92500 0.95724 0.10753 339.80067
3.92500 3.82500 0.97953 0.10627 340.32550
3.97500 3.82500 0.97443 0.10667 339.10826
4.22500 3.97500 0.98011 0.05643 332.65386
3.92500 3.97500 0.94743 0.10396 338.99692
3.97500 3.92500 0.95533 0.10495 338.50272
4.82500 3.97500 0.98252 0.03846 324.85543
4.87500 3.67500 0.97688 0.04628 314.30846
4.67500 3.62500 0.97981 0.06618 316.48167
4.82500 3.62500 0.97847 0.05343 312.92942
4.72500 3.92500 0.98527 0.04470 319.30972
4.72500 3.87500 0.98001 0.04779 321.39636
4.77500 3.87500 0.97958 0.04714 322.30838
4.72500 4.02500 0.98541 0.04056 330.97695
4.47500 3.72500 0.97332 0.08316 322.74015
4.87500 4.02500 0.97361 0.04300 334.81164
5.27500 3.92500 0.92200 0.02266 295.26438
4.97500 3.82500 0.97184 0.04017 318.01703
4.97500 3.87500 0.97146 0.04065 323.25132
5.32500 3.62500 0.89209 0.01219 28.62546
5.07500 3.77500 0.96569 0.03598 314.23430
5.32500 3.77500 0.89834 0.00679 8.89368
5.22500 4.02500 0.93128 0.03299 320.78146
5.07500 3.82500 0.96768 0.03475 312.00192
5.37500 3.92500 0.87684 0.06186 87.40585
5.47500 3.67500 0.86085 0.06645 89.73271
0.47500 4.17500 0.88323 0.05979 195.38203
0.22500 4.27500 0.87721 0.03869 228.14266
0.47500 4.47500 0.88586 0.02803 182.22852
0.42500 4.42500 0.88470 0.02936 190.18093
0.07500 4.07500 0.86937 0.05332 253.13506
0.37500 4.27500 0.88362 0.04571 204.20431
0.42500 4.17500 0.88230 0.05782 200.88312
0.52500 4.12500 0.88186 0.06240 193.93825
0.22500 4.32500 0.87650 0.03403 224.77382
0.42500 4.12500 0.88037 0.05845 202.44039
0.62500 4.12500 0.88917 0.06665 190.54783
0.67500 4.47500 0.89477 0.03580 183.36270
0.57500 4.07500 0.88104 0.06157 193.15366
0.62500 4.22500 0.89156 0.06526 190.92598
0.72500 4.12500 0.89060 0.06667 188.89578
0.62500 4.27500 0.89263 0.06307 189.49966
0.82500 4.42500 0.90024 0.05035 187.34801
1.02500 4.17500 0.89862 0.07085 190.68026
0.57500 4.27500 0.89035 0.05958 190.48202
0.77500 4.32500 0.89824 0.06743 188.06521
1.47500 4.32500 0.89130 0.08357 189.63703
1.52500 4.07500 0.89013 0.06873 207.48597
1.37500 4.32500 0.89504 0.08088 190.18320
1.42500 4.22500 0.89074 0.06752 193.69872
1.12500 4.47500 0.89984 0.06083 180.43327
1.17500 4.32500 0.89958 0.06904 191.09021
1.37500 4.12500 0.89511 0.06808 200.35412
1.27500 4.42500 0.89712 0.07774 187.01166
1.62500 4.12500 0.88752 0.07105 207.13846
1.47500 4.47500 0.88878 0.08091 180.86397
1.72500 4.37500 0.88201 0.08967 187.32948
1.92500 4.37500 0.87678 0.07888 190.11318
2.12500 4.37500 0.87044 0.06449 190.01879
1.67500 4.37500 0.88371 0.09062 185.50298
2.07500 4.32500 0.87081 0.06276 193.31214
1.67500 4.07500 0.88490 0.05884 215.28638
1.87500 4.32500 0.87553 0.06363 193.55142
2.07500 4.12500 0.87126 0.02238 238.29857
1.97500 4.12500 0.87264 0.04114 228.94248
1.82500 4.37500 0.87720 0.06873 186.65870
2.42500 4.17500 0.86632 0.03421 34.00130
2.47500 4.07500 0.86472 0.07981 46.82273
2.42500 4.32500 0.86806 0.01824 18.64359
2.62500 4.12500 0.86400 0.07242 30.88234
2.27500 4.12500 0.86811 0.02107 10.72323
2.67500 4.37500 0.87098 0.04944 12.78526
2.52500 4.12500 0.86438 0.07383 38.66587
2.62500 4.27500 0.86861 0.05047 22.97352
2.47500 4.12500 0.86503 0.06990 44.78554
2.57500 4.37500 0.86840 0.02636 33.55142
3.22500 4.22500 0.88289 0.07608 356.20897
2.87500 4.22500 0.86885 0.06466 22.78551
3.22500 4.47500 0.88229 0.03686 358.88066
2.97500 4.07500 0.88208 0.08400 15.56500
3.27500 4.27500 0.88241 0.07190 351.29625
2.97500 4.32500 0.87398 0.05388 8.37672
3.22500 4.37500 0.88302 0.06036 355.35303
2.87500 4.12500 0.87061 0.07592 15.99516
2.92500 4.12500 0.87358 0.08104 10.55147
3.07500 4.17500 0.87608 0.07009 8.68961
3.42500 4.47500 0.90095 0.02211 355.77222
3.67500 4.07500 0.90944 0.09562 343.03560
3.82500 4.32500 0.99204 0.02723 320.90308
3.57500 4.42500 0.99061 0.00995 272.76465
3.77500 4.07500 0.91519 0.09479 339.98798
3.42500 4.32500 0.88999 0.06435 347.36110
3.62500 4.12500 0.90354 0.09069 342.12247
3.62500 4.27500 0.92865 0.06643 337.35293
3.67500 4.37500 0.98257 0.02836 323.97857
3.57500 4.37500 0.95086 0.03574 328.09318
4.07500 4.27500 1.00404 0.02443 318.46773
4.32500 4.12500 0.99329 0.03484 326.41485
3.92500 4.12500 0.97991 0.04708 329.78562
4.07500 4.32500 1.00555 0.02096 320.69136
4.22500 4.07500 0.98330 0.04567 331.03312
4.12500 4.12500 0.97804 0.05980 334.06911
4.22500 4.22500 1.00136 0.02550 326.12919
4.22500 4.12500 0.98987 0.03693 330.13002
3.97500 4.37500 1.00704 0.01356 312.84794
4.07500 4.12500 0.97653 0.06620 334.09683
4.82500 4.32500 0.95811 0.04737 323.95751
4.52500 4.22500 0.99058 0.03423 332.19235
4.92500 4.37500 0.93463 0.02150 253.87520
4.87500 4.42500 0.92578 0.02891 208.89675
4.62500 4.17500 0.98804 0.03789 330.45771
4.52500 4.47500 0.98449 0.02976 359.69196
4.52500 4.37500 0.98847 0.03215 339.61497
4.87500 4.27500 0.95419 0.05385 328.53261
4.47500 4.47500 0.98945 0.03378 358.76164
4.72500 4.22500 0.97574 0.04766 328.72489
5.07500 4.27500 0.93378 0.02455 345.30157
4.97500 4.37500 0.92401 0.01858 226.96291
5.47500 4.07500 0.87791 0.07749 89.66728
4.97500 4.17500 0.95106 0.05024 332.84329
5.22500 4.12500 0.92732 0.02056 339.61685
5.12500 4.12500 0.94916 0.03986 335.62742
5.32500 4.42500 0.89607 0.04657 179.85236
5.07500 4.37500 0.92433 0.00420 23.57471
5.22500 4.17500 0.92285 0.01448 1.30555
5.17500 4.07500 0.94075 0.03744 330.64808
