4.01650 0.01450 0.00143 0.09569 289.91763
0.30450 0.24650 0.00208 0.04667 279.94469
4.13250 0.13050 0.00139 0.05141 325.86171
1.00050 0.10150 0.00259 0.10818 77.06850
0.18850 0.13050 0.00198 0.10713 272.50907
2.94350 0.15950 0.00375 0.04723 50.86848
1.98650 0.18850 0.00416 0.03867 194.40642
3.03050 0.15950 0.00369 0.05400 44.66986
1.98650 0.07250 0.00400 0.02768 300.26091
1.05850 0.10150 0.00272 0.09751 69.24726
3.98750 0.01450 0.00143 0.09365 289.66164
0.30450 0.01450 0.00186 0.17782 79.64241
1.08750 0.21750 0.00307 0.04193 302.25740
1.58050 0.10150 0.00272 0.08549 57.20034
4.19050 0.13050 0.00138 0.05605 325.73155
3.46550 0.15950 0.00271 0.06259 72.84747
0.62350 0.01450 0.00206 0.14373 280.86430
1.31950 0.10150 0.00282 0.05478 18.81863
2.53750 0.18850 0.00410 0.01991 186.86449
4.45150 0.13050 0.00135 0.05436 318.14676
4.19050 0.01450 0.00139 0.10599 292.62361
1.29050 0.21750 0.00298 0.02275 351.78799
1.55150 0.21750 0.00290 0.07132 277.49271
4.36450 0.01450 0.00136 0.10840 297.78956
0.36250 0.01450 0.00193 0.16892 88.39878
0.59450 0.01450 0.00205 0.14484 280.43788
0.91350 0.01450 0.00224 0.11597 273.49528
3.69750 0.04350 0.00161 0.05377 302.07316
4.56750 0.01450 0.00133 0.09545 296.70196
1.78350 0.10150 0.00381 0.02312 293.07168
2.82750 0.18850 0.00387 0.03347 62.76127
4.56750 0.24650 0.00134 0.03016 310.98042
0.65250 0.01450 0.00208 0.14212 281.23956
1.72550 0.21750 0.00372 0.02679 302.28421
2.76950 0.18850 0.00392 0.02452 73.94546
2.65350 0.07250 0.00392 0.03204 270.10730
2.76950 0.07250 0.00386 0.03652 78.53314
4.53850 0.13050 0.00134 0.05256 308.72109
0.73950 0.01450 0.00212 0.13641 281.68228
1.20350 0.01450 0.00250 0.14499 41.18295
3.14650 0.18850 0.00364 0.05039 35.30503
3.87150 0.15950 0.00146 0.01536 347.97299
0.13050 0.27550 0.00207 0.03810 276.26878
2.18950 0.21750 0.00425 0.04202 204.28370
0.97150 0.13050 0.00256 0.10876 84.99968
4.04550 0.15950 0.00139 0.03852 338.92511
0.18850 0.27550 0.00207 0.03637 277.29695
0.15950 0.27550 0.00207 0.03664 276.72354
1.14550 0.13050 0.00290 0.04656 60.08723
1.00050 0.24650 0.00294 0.11150 282.32983
3.11750 0.18850 0.00366 0.05202 36.84126
2.04450 0.10150 0.00405 0.02533 336.22814
4.19050 0.04350 0.00139 0.08382 301.78439
2.27650 0.21750 0.00425 0.03922 206.12729
2.45050 0.10150 0.00402 0.01961 317.14862
4.16150 0.04350 0.00140 0.08170 301.06719
1.52250 0.13050 0.00275 0.04747 49.89618
1.49350 0.01450 0.00253 0.12903 31.83499
0.36250 0.04350 0.00196 0.15344 88.95810
1.55150 0.13050 0.00274 0.05987 58.69157
4.27750 0.04350 0.00138 0.08739 304.15194
1.46450 0.01450 0.00253 0.13236 30.15455
1.43550 0.24650 0.00296 0.04835 311.25170
1.52250 0.01450 0.00252 0.12261 35.43610
0.59450 0.04350 0.00209 0.12269 280.76682
4.50950 0.15950 0.00134 0.04521 316.05759
0.79750 0.27550 0.00229 0.01584 83.73169
3.66850 0.07250 0.00168 0.05179 304.42648
3.55250 0.07250 0.00181 0.05947 288.26737
0.73950 0.15950 0.00224 0.05820 284.00043
3.61050 0.18850 0.00205 0.05242 271.69432
0.65250 0.15950 0.00219 0.06312 285.32199
2.79850 0.21750 0.00391 0.03146 66.29451
2.59550 0.10150 0.00397 0.02038 292.84047
2.79850 0.10150 0.00385 0.03175 73.73980
0.88450 0.15950 0.00237 0.06842 274.08979
1.72550 0.13050 0.00347 0.05216 83.59309
1.72550 0.24650 0.00383 0.02492 330.70864
1.17450 0.04350 0.00264 0.12135 43.85811
4.10350 0.07250 0.00140 0.06460 307.59184
0.27550 0.07250 0.00194 0.14596 88.34717
2.97250 0.10150 0.00370 0.05235 53.86561
1.00050 0.15950 0.00274 0.10172 89.19450
3.03050 0.10150 0.00366 0.05774 50.23509
1.95750 0.01450 0.00381 0.07525 270.34263
1.00050 0.27550 0.00298 0.12184 283.55152
1.02950 0.15950 0.00283 0.08531 88.44168
0.13050 0.18850 0.00202 0.07016 275.95600
2.16050 0.13050 0.00411 0.03076 183.01866
1.92850 0.13050 0.00406 0.02714 356.09185
4.01650 0.07250 0.00142 0.05529 306.11346
2.27650 0.13050 0.00410 0.02790 183.20489
2.53750 0.01450 0.00382 0.07930 75.17516
3.34950 0.10150 0.00335 0.06051 54.00883
4.33550 0.18850 0.00136 0.04596 339.87735
3.49450 0.10150 0.00223 0.07891 86.24340
1.40650 0.15950 0.00285 0.01415 10.71420
0.50750 0.07250 0.00208 0.11185 278.57636
4.33550 0.07250 0.00136 0.07569 311.77058
3.46550 0.10150 0.00255 0.07901 80.48522
0.33350 0.18850 0.00206 0.07339 277.44554
1.58050 0.15950 0.00282 0.07584 75.64675
1.55150 0.27550 0.00309 0.07961 292.93210
1.29050 0.15950 0.00291 0.01110 175.96956
3.69750 0.10150 0.00171 0.05278 301.14807
4.59650 0.18850 0.00133 0.04167 301.10759
1.66750 0.15950 0.00314 0.08489 79.42471
1.60950 0.04350 0.00266 0.12058 57.75840
1.81250 0.04350 0.00384 0.04235 283.26841
0.94250 0.07250 0.00240 0.09467 83.71729
2.82750 0.01450 0.00376 0.08166 74.06424
2.65350 0.01450 0.00380 0.08000 75.78137
2.85650 0.24650 0.00387 0.04228 56.08819
0.71050 0.07250 0.00217 0.10105 282.81909
2.59550 0.01450 0.00381 0.07972 75.55238
0.85550 0.07250 0.00227 0.08822 278.62518
1.87050 0.15950 0.00407 0.02857 186.35127
2.07350 0.27550 0.00433 0.04273 203.39753
3.03050 0.01450 0.00363 0.08691 64.54062
3.90050 0.21750 0.00144 0.01778 203.50756
2.88550 0.24650 0.00385 0.04536 52.48840
4.13250 0.21750 0.00137 0.04285 357.07015
0.27550 0.21750 0.00206 0.06128 277.82201
1.02950 0.18850 0.00291 0.07829 277.39733
2.04450 0.15950 0.00414 0.03682 191.40455
3.17550 0.01450 0.00351 0.09542 60.35343
2.18950 0.15950 0.00416 0.03682 195.30835
0.27550 0.10150 0.00197 0.12808 271.44059
1.05850 0.18850 0.00298 0.05826 280.92416
1.08750 0.07250 0.00267 0.10675 58.90553
1.34850 0.07250 0.00276 0.08172 23.08260
4.21950 0.10150 0.00138 0.06411 317.22494
2.36350 0.15950 0.00413 0.03016 195.00851
2.50850 0.15950 0.00408 0.02089 183.64989
0.59450 0.10150 0.00213 0.09356 282.22991
3.43650 0.13050 0.00294 0.06502 70.14939
4.27750 0.21750 0.00136 0.04406 352.21199
2.53750 0.04350 0.00392 0.04692 82.21009
1.40650 0.18850 0.00288 0.00853 290.36744
3.23350 0.24650 0.00365 0.03353 21.37616
3.40750 0.13050 0.00316 0.05651 62.40107
2.33450 0.27550 0.00433 0.03687 211.28887
0.56550 0.21750 0.00217 0.04286 288.89574
0.82650 0.10150 0.00227 0.07779 280.37533
4.53850 0.21750 0.00134 0.03356 317.24622
0.76850 0.21750 0.00227 0.03425 280.49635
0.68150 0.10150 0.00217 0.08871 283.37514
4.56750 0.21750 0.00134 0.03424 309.69203
2.65350 0.27550 0.00409 0.01560 294.18253
3.78450 0.13050 0.00159 0.03078 303.21507
0.68150 0.21750 0.00222 0.03715 287.77170
1.87050 0.07250 0.00395 0.02588 298.93203
2.82750 0.04350 0.00381 0.05288 73.41907
2.76950 0.15950 0.00390 0.02317 76.52158
2.82750 0.27550 0.00391 0.04234 59.57699
0.76850 0.10150 0.00223 0.08246 282.78579
0.15950 0.47850 0.00210 0.01251 279.24401
2.01550 0.42050 0.00457 0.03773 204.05809
2.97250 0.39150 0.00400 0.03909 30.22479
1.00050 0.44950 0.00282 0.11558 275.59073
4.04550 0.36250 0.00136 0.04152 211.62649
3.90050 0.36250 0.00143 0.02141 191.06849
2.13150 0.42050 0.00462 0.04146 214.00818
2.07350 0.30450 0.00439 0.04209 204.53746
0.27550 0.47850 0.00210 0.00830 97.27063
1.98650 0.53650 0.00472 0.03403 205.14914
3.05950 0.39150 0.00397 0.03229 11.88409
3.00150 0.39150 0.00399 0.03657 24.14702
4.01650 0.36250 0.00137 0.03954 211.76887
1.46450 0.44950 0.00393 0.04058 187.64689
2.50850 0.53650 0.00450 0.02430 302.70265
2.42150 0.30450 0.00433 0.02962 208.29552
1.29050 0.44950 0.00367 0.06198 319.91510
3.37850 0.27550 0.00336 0.02060 39.62399
0.33350 0.36250 0.00211 0.00607 302.48567
0.47850 0.36250 0.00214 0.00630 218.56046
3.49450 0.39150 0.00274 0.11018 83.44388
3.26250 0.27550 0.00364 0.02575 14.13878
0.50750 0.36250 0.00215 0.00721 228.82155
4.36450 0.36250 0.00134 0.03326 204.90867
2.39250 0.42050 0.00452 0.02768 209.09280
3.49450 0.27550 0.00274 0.04357 58.64835
2.68250 0.30450 0.00408 0.02313 271.04028
3.61050 0.39150 0.00245 0.10875 76.21164
3.63950 0.50750 0.00230 0.11095 83.15682
3.75550 0.39150 0.00215 0.14197 83.49669
3.81350 0.50750 0.00155 0.09759 274.35458
1.69650 0.33350 0.00401 0.03316 353.10645
3.78450 0.27550 0.00190 0.09629 85.24624
2.82750 0.30450 0.00394 0.04538 59.04923
0.91350 0.36250 0.00238 0.04173 86.84073
4.65450 0.47850 0.00132 0.03561 275.47847
1.63850 0.33350 0.00373 0.03961 331.00160
3.72650 0.27550 0.00220 0.07357 75.54065
3.81350 0.39150 0.00158 0.10985 271.81011
3.84250 0.27550 0.00158 0.03852 273.60232
4.10350 0.27550 0.00137 0.04200 195.79360
4.01650 0.27550 0.00138 0.03590 200.73161
2.21850 0.33350 0.00446 0.04123 213.39326
3.05950 0.42050 0.00402 0.02969 5.52816
3.05950 0.53650 0.00422 0.02444 159.29578
0.27550 0.50750 0.00210 0.01045 96.09798
0.15950 0.50750 0.00210 0.01253 282.11711
1.23250 0.47850 0.00348 0.06413 308.96818
0.21750 0.50750 0.00210 0.00092 220.12610
1.08750 0.47850 0.00309 0.08241 295.13156
1.92850 0.44950 0.00456 0.03262 195.45077
3.90050 0.39150 0.00142 0.02340 192.13579
2.27650 0.44950 0.00466 0.03733 219.15118
4.27750 0.39150 0.00134 0.04024 212.42642
4.24850 0.50750 0.00135 0.03747 217.79049
0.39150 0.39150 0.00212 0.00575 244.99515
0.39150 0.50750 0.00211 0.02346 97.54301
2.45050 0.33350 0.00435 0.02583 204.49168
4.21950 0.27550 0.00136 0.04304 192.72519
3.20450 0.30450 0.00374 0.02802 9.40853
0.33350 0.39150 0.00211 0.00208 216.59444
1.40650 0.47850 0.00393 0.02330 316.84313
1.29050 0.47850 0.00365 0.05854 316.01747
0.53650 0.39150 0.00216 0.01388 260.37475
1.37750 0.47850 0.00385 0.03410 322.24291
1.72550 0.36250 0.00423 0.03335 182.26863
2.74050 0.33350 0.00404 0.03749 72.84109
2.59550 0.33350 0.00421 0.01569 314.87090
4.65450 0.50750 0.00132 0.03603 274.55237
4.62550 0.39150 0.00133 0.02810 285.35168
0.88450 0.39150 0.00233 0.01926 63.04917
4.59650 0.27550 0.00133 0.02899 301.37054
3.52350 0.53650 0.00266 0.11493 83.28434
2.74050 0.44950 0.00415 0.04935 70.29463
0.71050 0.50750 0.00221 0.03534 105.91200
4.48050 0.27550 0.00134 0.02668 345.03123
3.69750 0.30450 0.00232 0.07393 64.48867
0.73950 0.39150 0.00223 0.01537 107.45633
0.15950 0.53650 0.00210 0.01297 285.01108
0.24650 0.30450 0.00209 0.02657 279.38077
1.23250 0.50750 0.00346 0.05808 303.43288
3.08850 0.44950 0.00405 0.02620 171.01942
3.87150 0.30450 0.00149 0.01515 311.49538
1.98650 0.36250 0.00445 0.03815 199.89328
3.05950 0.44950 0.00407 0.02750 178.45803
3.11750 0.44950 0.00402 0.02473 164.57014
3.95850 0.30450 0.00139 0.03104 209.91891
2.94350 0.33350 0.00391 0.04710 41.11726
1.17450 0.39150 0.00341 0.09009 314.30745
0.18850 0.42050 0.00210 0.00886 273.88290
2.97250 0.33350 0.00390 0.04526 36.43692
4.36450 0.30450 0.00135 0.03436 192.74587
4.21950 0.53650 0.00135 0.03682 217.25267
0.44950 0.53650 0.00211 0.03181 98.95296
2.53750 0.47850 0.00441 0.02251 301.85429
2.42150 0.47850 0.00457 0.02197 195.41523
1.49350 0.50750 0.00396 0.04541 180.95905
0.42050 0.42050 0.00212 0.01307 266.66700
0.59450 0.42050 0.00217 0.02174 92.26743
2.33450 0.47850 0.00466 0.03125 214.71718
2.36350 0.36250 0.00446 0.03285 213.76746
3.26250 0.33350 0.00369 0.01751 179.73823
1.46450 0.50750 0.00394 0.04038 186.52665
3.32050 0.33350 0.00355 0.01126 32.74440
0.85550 0.30450 0.00233 0.02050 73.91641
4.71250 0.53650 0.00130 0.05729 270.41003
4.48050 0.42050 0.00134 0.01792 185.09022
1.81250 0.39150 0.00440 0.03175 185.65673
2.82750 0.36250 0.00400 0.04878 57.76303
0.73950 0.53650 0.00222 0.03652 109.68021
0.71050 0.53650 0.00220 0.03880 106.93120
3.78450 0.44950 0.00175 0.11437 88.99799
0.82650 0.42050 0.00227 0.01309 139.43195
3.61050 0.33350 0.00247 0.07769 61.35011
3.69750 0.33350 0.00239 0.09658 67.97385
1.84150 0.50750 0.00459 0.02583 183.86277
1.63850 0.50750 0.00428 0.02745 348.71872
1.05850 0.42050 0.00313 0.10638 287.93591
3.87150 0.33350 0.00149 0.01901 306.16474
2.07350 0.39150 0.00455 0.04038 208.12007
3.98750 0.44950 0.00137 0.03744 214.32251
0.18850 0.44950 0.00210 0.00697 275.51435
1.02950 0.30450 0.00316 0.11767 289.43895
0.15950 0.56550 0.00210 0.01338 287.89316
1.98650 0.39150 0.00451 0.03715 200.33224
0.04350 0.44950 0.00207 0.04848 272.83762
1.05850 0.30450 0.00322 0.09217 299.61072
4.13250 0.44950 0.00135 0.04323 216.90436
1.95750 0.50750 0.00466 0.03250 200.11865
3.84250 0.44950 0.00147 0.04656 287.70716
4.21950 0.33350 0.00135 0.04322 205.64005
0.59450 0.44950 0.00217 0.02729 95.97384
1.29050 0.42050 0.00361 0.06953 325.82082
0.36250 0.56550 0.00210 0.02502 97.21024
1.55150 0.30450 0.00323 0.07316 301.47820
1.37750 0.53650 0.00383 0.02964 318.18665
3.49450 0.36250 0.00271 0.11195 86.14848
2.39250 0.39150 0.00448 0.02892 210.20937
0.44950 0.44950 0.00212 0.02025 93.02915
3.23350 0.47850 0.00387 0.01545 138.33258
4.16150 0.44950 0.00135 0.04318 217.00790
4.19050 0.44950 0.00135 0.04299 217.06717
1.58050 0.53650 0.00401 0.04063 333.95214
4.59650 0.44950 0.00133 0.02167 290.72623
1.72550 0.53650 0.00452 0.01964 347.53447
4.77050 0.44950 0.00004 0.00000 180.00000
0.91350 0.33350 0.00241 0.05232 271.30320
2.62450 0.50750 0.00432 0.04342 89.01019
3.78450 0.47850 0.00173 0.11076 89.48272
0.91350 0.56550 0.00235 0.02188 46.68523
1.75450 0.42050 0.00441 0.02948 180.75794
2.85650 0.39150 0.00402 0.04816 52.42343
1.60950 0.53650 0.00411 0.03396 333.12557
3.69750 0.36250 0.00248 0.14149 76.15036
2.79850 0.39150 0.00405 0.04911 61.83280
3.52350 0.47850 0.00268 0.11244 80.21430
2.16050 0.76850 0.00531 0.04396 225.95853
1.20350 0.56550 0.00332 0.05231 286.02363
2.88550 0.62350 0.00454 0.02431 20.23883
3.11750 0.62350 0.00427 0.02295 140.42778
0.21750 0.59450 0.00210 0.00322 189.46232
1.26150 0.79750 0.00306 0.13234 71.42404
0.30450 0.82650 0.00210 0.01982 250.02924
1.02950 0.56550 0.00282 0.07844 276.62492
3.03050 0.62350 0.00442 0.02453 153.95723
1.98650 0.76850 0.00510 0.04273 220.35841
0.97150 0.56550 0.00260 0.09279 87.52922
1.95750 0.76850 0.00504 0.03936 216.18576
0.15950 0.59450 0.00210 0.01401 290.25920
0.42050 0.82650 0.00210 0.03891 91.14871
1.29050 0.68150 0.00348 0.05929 82.75273
0.53650 0.82650 0.00214 0.04837 100.03680
3.23350 0.73950 0.00405 0.01311 157.52474
2.42150 0.65250 0.00475 0.02240 325.71408
2.30550 0.76850 0.00512 0.02494 192.15252
0.53650 0.71050 0.00212 0.05069 101.01957
0.42050 0.59450 0.00210 0.03381 98.62377
4.24850 0.59450 0.00135 0.03115 216.54254
2.27650 0.76850 0.00518 0.02833 204.94604
1.49350 0.68150 0.00356 0.06595 74.98184
1.40650 0.79750 0.00318 0.16388 72.57006
0.62350 0.59450 0.00216 0.04695 103.72547
2.56650 0.65250 0.00457 0.05016 274.31023
2.56650 0.76850 0.00481 0.05851 271.70426
0.76850 0.82650 0.00227 0.02816 137.70578
1.72550 0.56550 0.00453 0.01797 340.82885
3.63950 0.62350 0.00225 0.11685 89.07809
2.71150 0.76850 0.00493 0.03681 68.13211
2.82750 0.76850 0.00499 0.02081 19.51489
2.71150 0.65250 0.00455 0.04649 72.14968
1.78350 0.68150 0.00473 0.02104 341.03120
3.75550 0.62350 0.00181 0.10884 272.18520
4.71250 0.71050 0.00129 0.05994 89.46472
2.62450 0.76850 0.00485 0.05399 83.85435
0.65250 0.71050 0.00217 0.05264 106.97550
1.02950 0.82650 0.00315 0.07605 82.46660
1.26150 0.71050 0.00337 0.07523 80.09570
2.16050 0.68150 0.00512 0.04411 226.05632
3.98750 0.62350 0.00136 0.02793 209.98916
3.98750 0.73950 0.00136 0.01987 196.51972
4.04550 0.73950 0.00136 0.02202 198.40203
3.00150 0.76850 0.00476 0.02733 149.62586
3.84250 0.62350 0.00147 0.04012 286.90851
2.01550 0.79750 0.00524 0.04784 225.00847
3.17550 0.65250 0.00417 0.01956 133.79875
3.14650 0.76850 0.00439 0.02393 144.83534
2.13150 0.56550 0.00488 0.04292 221.81755
1.05850 0.59450 0.00288 0.07194 271.29037
2.33450 0.56550 0.00479 0.02805 210.34024
1.43550 0.71050 0.00368 0.07811 73.99213
1.31950 0.59450 0.00363 0.03197 287.66410
4.33550 0.62350 0.00135 0.02201 212.64293
4.16150 0.62350 0.00135 0.03192 213.69505
0.53650 0.62350 0.00213 0.04619 101.39994
4.36450 0.62350 0.00135 0.01903 208.81475
2.39250 0.79750 0.00498 0.03057 310.54234
3.23350 0.76850 0.00408 0.01523 161.79105
3.26250 0.65250 0.00383 0.00903 26.42323
2.24750 0.56550 0.00487 0.03808 222.07332
1.34850 0.71050 0.00353 0.06943 75.39336
2.42150 0.79750 0.00494 0.03701 298.90575
4.65450 0.73950 0.00132 0.03974 270.40369
3.69750 0.65250 0.00202 0.11453 271.98649
2.56650 0.56550 0.00445 0.03986 278.28055
1.60950 0.82650 0.00445 0.03937 299.42356
1.75450 0.59450 0.00460 0.01841 339.45852
1.60950 0.59450 0.00396 0.04187 297.89941
2.68250 0.56550 0.00435 0.05229 78.17003
1.72550 0.82650 0.00486 0.03330 339.43187
0.71050 0.62350 0.00220 0.04660 109.45368
0.94250 0.73950 0.00256 0.03827 70.13970
2.82750 0.68150 0.00470 0.02514 36.14969
4.68350 0.62350 0.00131 0.04749 270.49464
2.59550 0.68150 0.00460 0.05577 89.21912
3.11750 0.56550 0.00419 0.02301 143.67789
3.03050 0.68150 0.00453 0.02551 149.57545
3.92950 0.65250 0.00138 0.02143 206.64876
2.16050 0.82650 0.00544 0.04313 224.58673
0.13050 0.65250 0.00210 0.02143 286.56608
1.95750 0.59450 0.00477 0.03170 203.73494
0.24650 0.65250 0.00210 0.00783 240.78184
2.94350 0.68150 0.00465 0.02333 167.09558
4.01650 0.76850 0.00136 0.01929 192.51592
3.05950 0.56550 0.00427 0.02414 154.95300
2.01550 0.82650 0.00532 0.04968 226.06831
1.95750 0.82650 0.00517 0.04434 220.17945
3.90050 0.76850 0.00140 0.01419 349.68793
3.29150 0.79750 0.00372 0.03244 67.50650
2.47950 0.82650 0.00494 0.05402 283.13850
0.36250 0.65250 0.00209 0.02883 94.13802
0.33350 0.76850 0.00209 0.02600 262.97340
0.44950 0.65250 0.00210 0.04015 98.47925
4.27750 0.76850 0.00136 0.01551 206.20169
3.37850 0.68150 0.00271 0.14048 88.84160
3.34950 0.79750 0.00305 0.09339 271.89607
1.40650 0.62350 0.00385 0.01949 284.16457
4.36450 0.65250 0.00136 0.01705 206.35468
1.40650 0.73950 0.00362 0.13481 83.85084
3.29150 0.56550 0.00371 0.01578 56.13869
4.30650 0.76850 0.00137 0.01364 203.18205
1.75450 0.73950 0.00476 0.02555 334.79888
1.89950 0.73950 0.00488 0.02977 200.67544
4.71250 0.76850 0.00129 0.06029 89.37280
3.69750 0.79750 0.00227 0.12057 270.23760
4.71250 0.65250 0.00130 0.05924 89.63248
1.87050 0.73950 0.00486 0.02703 193.01844
1.69650 0.62350 0.00443 0.02022 308.29250
2.74050 0.71050 0.00475 0.03611 63.94587
4.48050 0.65250 0.00136 0.01004 326.16748
1.72550 0.73950 0.00470 0.02651 326.21401
3.52350 0.68150 0.00260 0.12247 270.34152
0.91350 0.76850 0.00243 0.02434 39.28113
3.61050 0.68150 0.00234 0.12220 271.06438
1.17450 0.76850 0.00308 0.11206 77.22995
1.05850 0.76850 0.00294 0.10397 81.27604
3.05950 0.71050 0.00452 0.02585 146.00867
1.14550 0.76850 0.00299 0.11676 77.29927
0.10150 0.68150 0.00209 0.02765 282.48836
3.00150 0.71050 0.00464 0.02569 152.45750
0.97150 0.76850 0.00275 0.05708 81.30345
1.92850 0.73950 0.00494 0.03324 208.38482
1.02950 0.65250 0.00275 0.09026 83.00017
1.98650 0.62350 0.00484 0.03499 210.58179
1.08750 0.76850 0.00295 0.11296 79.75549
2.91450 0.59450 0.00446 0.02457 13.72519
3.84250 0.79750 0.00156 0.04545 284.98421
1.34850 0.65250 0.00366 0.03895 88.35208
1.46450 0.65250 0.00369 0.02499 87.47759
1.31950 0.76850 0.00323 0.11242 70.59474
3.29150 0.59450 0.00371 0.01729 60.78124
4.21950 0.68150 0.00135 0.02550 212.62454
2.30550 0.73950 0.00508 0.02560 197.64237
4.39350 0.79750 0.00137 0.00770 347.47926
4.33550 0.79750 0.00137 0.01018 193.74963
0.53650 0.79750 0.00213 0.05016 100.19655
2.24750 0.62350 0.00497 0.03699 221.64640
2.50850 0.62350 0.00459 0.03512 288.97668
1.31950 0.65250 0.00358 0.04359 87.34372
3.37850 0.71050 0.00264 0.14784 89.55432
2.68250 0.62350 0.00447 0.05178 77.47479
4.53850 0.79750 0.00135 0.01716 279.18787
4.65450 0.68150 0.00132 0.03918 270.97994
4.56750 0.68150 0.00134 0.02004 280.43526
1.87050 0.65250 0.00476 0.02430 187.85331
4.50950 0.56550 0.00135 0.01146 326.71205
4.71250 0.79750 0.00129 0.06028 89.35369
1.78350 0.76850 0.00483 0.02635 346.14309
3.81350 0.82650 0.00182 0.07333 277.98756
3.63950 0.59450 0.00226 0.11526 87.65296
2.71150 0.73950 0.00483 0.03934 69.45077
4.59650 0.56550 0.00133 0.02318 281.36809
0.79750 0.79750 0.00229 0.02696 143.64447
0.24650 0.94250 0.00214 0.01228 182.33350
1.02950 1.02950 0.00425 0.01285 207.58203
0.10150 1.05850 0.00202 0.01706 259.46082
3.98750 1.05850 0.00143 0.00921 291.94008
2.10250 1.00050 0.00591 0.04634 222.58640
0.97150 1.02950 0.00394 0.00302 345.64213
1.11650 1.02950 0.00448 0.02847 203.35976
0.30450 1.05850 0.00219 0.01206 359.42991
3.00150 1.08750 0.00542 0.03049 145.56987
2.07350 0.88450 0.00559 0.05146 228.33225
1.17450 0.91350 0.00403 0.01929 193.97862
3.84250 0.82650 0.00161 0.04283 286.50959
1.92850 1.00050 0.00567 0.05505 224.84545
4.24850 0.82650 0.00137 0.01303 201.46673
4.45150 0.82650 0.00137 0.00866 302.49658
0.50750 1.05850 0.00222 0.00972 94.01005
2.42150 0.88450 0.00509 0.04748 291.98962
1.49350 0.91350 0.00470 0.04301 329.45205
2.36350 1.00050 0.00540 0.04604 299.21538
0.33350 0.94250 0.00212 0.02052 246.32105
4.16150 0.94250 0.00137 0.00927 180.06181
3.40750 1.08750 0.00431 0.03929 173.20241
1.34850 0.91350 0.00423 0.02708 329.90347
3.37850 0.97150 0.00408 0.04546 10.62275
4.27750 0.82650 0.00137 0.01171 199.65711
2.33450 1.00050 0.00543 0.03890 308.36075
3.78450 0.97150 0.00255 0.01552 270.36917
2.79850 0.88450 0.00541 0.01889 9.93595
2.56650 0.88450 0.00519 0.05776 89.63298
4.77050 0.94250 0.00004 0.00000 180.00000
4.59650 1.05850 0.00135 0.01892 86.24233
0.76850 0.94250 0.00241 0.01830 11.69677
2.71150 0.88450 0.00539 0.02712 59.12319
4.48050 1.05850 0.00139 0.00618 82.38087
3.66850 0.85550 0.00284 0.05068 89.28780
4.74150 1.05850 0.00125 0.07514 89.49675
4.68350 0.94250 0.00130 0.04681 89.30235
1.60950 0.91350 0.00493 0.04435 337.08300
4.59650 0.94250 0.00134 0.02400 270.19099
1.11650 1.05850 0.00459 0.03054 199.71062
3.14650 1.00050 0.00474 0.03085 155.68671
1.98650 1.02950 0.00594 0.05708 227.76210
0.04350 1.08750 0.00185 0.07020 90.88153
0.97150 0.94250 0.00334 0.01363 51.46495
2.18950 1.02950 0.00581 0.03259 199.29668
0.04350 0.85550 0.00194 0.00586 282.92131
4.01650 0.85550 0.00137 0.01476 355.91992
0.18850 1.08750 0.00222 0.01536 317.58579
0.21750 0.97150 0.00216 0.01501 329.79578
0.07250 0.97150 0.00197 0.01344 261.48399
1.95750 1.02950 0.00588 0.05758 227.25911
2.10250 1.02950 0.00599 0.04541 220.88323
2.42150 0.91350 0.00516 0.05065 290.40643
0.44950 1.08750 0.00223 0.00713 235.79758
0.47850 0.97150 0.00215 0.02856 92.74921
1.49350 1.05850 0.00510 0.03908 356.27369
1.29050 1.05850 0.00491 0.04383 185.06543
3.40750 0.88450 0.00349 0.05590 76.19493
1.49350 0.94250 0.00487 0.04460 337.56396
0.36250 1.08750 0.00222 0.00982 195.72093
1.46450 0.94250 0.00481 0.04370 337.91371
2.39250 1.02950 0.00550 0.05605 290.92815
0.39150 0.85550 0.00210 0.03392 266.63652
0.59450 1.08750 0.00239 0.00611 54.80044
1.40650 0.94250 0.00466 0.03951 339.98716
4.65450 0.85550 0.00131 0.03926 89.75190
0.76850 0.85550 0.00229 0.02453 146.50424
0.94250 0.85550 0.00281 0.02602 55.09456
1.63850 1.05850 0.00515 0.03590 186.94291
1.81250 0.94250 0.00513 0.03847 202.19138
4.59650 1.08750 0.00135 0.01727 84.35212
4.65450 1.08750 0.00132 0.03120 87.42829
1.89950 0.94250 0.00535 0.04811 218.99276
0.88450 1.08750 0.00381 0.00615 297.06471
4.77050 0.85550 0.00004 0.00000 180.00000
2.62450 1.02950 0.00599 0.03408 74.42639
0.65250 0.97150 0.00226 0.01774 134.61179
4.74150 0.97150 0.00126 0.07664 89.52902
2.91450 1.02950 0.00561 0.02967 144.72950
0.01450 1.11650 0.00169 0.10445 90.64184
2.04450 0.94250 0.00574 0.05353 228.14247
1.95750 0.94250 0.00555 0.05344 225.33355
0.24650 0.88450 0.00212 0.01155 197.27413
2.13150 1.05850 0.00601 0.03999 213.46356
2.16050 1.05850 0.00594 0.03550 205.08515
3.98750 1.00050 0.00140 0.00999 312.11937
2.94350 0.91350 0.00523 0.02934 147.34457
3.17550 1.02950 0.00470 0.03055 158.67570
1.23250 0.85550 0.00356 0.05004 78.48347
1.17450 0.85550 0.00356 0.04386 83.09860
3.00150 1.02950 0.00530 0.03145 145.40047
2.30550 1.05850 0.00560 0.03848 312.98878
1.34850 1.08750 0.00501 0.04201 181.03667
1.55150 1.08750 0.00512 0.03568 182.08782
0.44950 0.88450 0.00212 0.03860 91.91509
1.55150 0.97150 0.00503 0.04344 343.95134
4.33550 1.00050 0.00139 0.00294 330.20675
1.34850 0.85550 0.00361 0.06138 73.11209
2.27650 1.05850 0.00565 0.03319 325.85510
4.24850 1.00050 0.00139 0.00450 354.51742
1.29050 0.85550 0.00357 0.05640 74.64064
1.40650 0.97150 0.00487 0.04448 347.95742
1.46450 0.85550 0.00385 0.05146 81.34865
4.39350 0.88450 0.00138 0.00599 322.59464
4.62550 1.00050 0.00133 0.02794 88.74884
3.75550 1.02950 0.00328 0.00947 19.48701
4.71250 0.88450 0.00129 0.05963 89.35625
0.91350 1.00050 0.00332 0.01440 57.07118
3.63950 0.91350 0.00333 0.01647 64.07293
1.72550 0.85550 0.00492 0.03440 343.88303
4.62550 0.88450 0.00133 0.03169 270.27120
1.63850 0.97150 0.00506 0.03857 350.61339
0.82650 1.00050 0.00283 0.02201 51.90126
0.94250 0.88450 0.00292 0.02398 52.91506
2.76950 1.05850 0.00612 0.01904 169.98853
1.60950 0.97150 0.00506 0.04040 347.37427
4.77050 0.88450 0.00004 0.00000 180.00000
2.21850 0.97150 0.00563 0.03036 196.39380
0.13050 0.91350 0.00209 0.01662 300.11254
0.97150 0.88450 0.00310 0.02182 58.28411
3.92950 1.02950 0.00150 0.01131 290.34250
1.26150 0.88450 0.00386 0.02305 282.93315
2.91450 1.05850 0.00569 0.03001 143.90525
1.92850 1.08750 0.00602 0.05921 227.06690
1.20350 1.00050 0.00458 0.03804 197.76820
1.00050 1.11650 0.00454 0.01958 199.08285
0.10150 1.02950 0.00203 0.01109 250.12724
0.01450 1.02950 0.00172 0.07269 90.96955
0.24650 1.02950 0.00219 0.01437 337.66542
0.15950 0.91350 0.00212 0.01802 305.63006
0.42050 1.02950 0.00216 0.01721 256.11715
1.43550 1.11650 0.00507 0.03748 181.22310
2.24750 1.08750 0.00576 0.03157 336.27709
4.16150 0.91350 0.00137 0.01069 185.31579
4.39350 1.02950 0.00140 0.00286 285.64225
4.27750 1.02950 0.00139 0.00285 348.88696
1.43550 1.00050 0.00501 0.04486 349.97278
2.36350 0.97150 0.00533 0.04275 301.44418
4.39350 0.91350 0.00139 0.00556 315.00000
0.47850 0.91350 0.00213 0.03755 94.12367
3.43650 0.94250 0.00383 0.04173 38.96000
2.33450 0.85550 0.00517 0.02633 331.85840
3.29150 1.05850 0.00445 0.03510 167.37735
1.84150 1.11650 0.00585 0.05681 223.11698
3.58150 1.05850 0.00410 0.03281 0.89054
1.66750 1.00050 0.00510 0.03639 180.51957
3.72650 1.05850 0.00372 0.01569 178.02758
3.69750 1.05850 0.00387 0.01984 177.77632
0.94250 0.91350 0.00302 0.02116 48.64084
2.56650 0.97150 0.00558 0.05266 87.79071
3.52350 1.05850 0.00416 0.03758 0.76227
2.79850 1.08750 0.00618 0.02253 154.92474
2.68250 1.08750 0.00633 0.01890 40.96631
2.59550 1.08750 0.00625 0.03601 78.14084
0.68150 0.91350 0.00224 0.02630 127.02673
2.82750 1.08750 0.00609 0.02488 149.78666
2.10250 1.11650 0.00618 0.04170 213.45761
1.20350 1.26150 0.00502 0.03354 185.57800
4.10350 1.29050 0.00150 0.01048 27.61601
1.26150 1.37750 0.00531 0.02994 184.57926
0.18850 1.17450 0.00231 0.01224 328.46612
2.01550 1.23250 0.00653 0.04760 217.41154
3.84250 1.29050 0.00304 0.01358 3.75794
3.95850 1.29050 0.00192 0.01288 31.44432
1.08750 1.26150 0.00494 0.03198 188.41384
2.01550 1.34850 0.00664 0.03742 203.39966
0.13050 1.17450 0.00212 0.02357 259.36691
3.03050 1.31950 0.00599 0.02080 158.88930
1.20350 1.14550 0.00488 0.03804 188.75418
2.36350 1.34850 0.00716 0.06901 286.66505
2.47950 1.34850 0.00772 0.04198 270.73697
3.46550 1.20350 0.00448 0.03112 175.74252
0.56550 1.29050 0.00352 0.02803 336.11430
4.36450 1.29050 0.00143 0.01242 153.97137
3.37850 1.31950 0.00493 0.02373 4.56911
2.53750 1.34850 0.00781 0.02578 74.54607
2.42150 1.34850 0.00749 0.05815 279.67291
4.42250 1.29050 0.00143 0.01370 147.45825
2.24750 1.11650 0.00583 0.03344 330.76732
3.29150 1.20350 0.00480 0.02596 173.80848
2.36350 1.23250 0.00638 0.06662 288.99252
1.46450 1.14550 0.00509 0.03528 183.67257
1.84150 1.37750 0.00673 0.06000 225.93189
1.75450 1.14550 0.00566 0.04969 215.94515
4.71250 1.17450 0.00128 0.05123 88.23279
3.63950 1.20350 0.00426 0.02821 177.19641
3.81350 1.31950 0.00333 0.01553 175.27312
3.78450 1.31950 0.00354 0.01738 173.39034
2.76950 1.34850 0.00721 0.02633 142.32924
2.68250 1.11650 0.00647 0.01769 33.72601
0.65250 1.29050 0.00417 0.02813 356.04500
3.55250 1.31950 0.00429 0.02541 179.41376
1.89950 1.14550 0.00616 0.06066 226.84373
4.62550 1.17450 0.00134 0.01871 80.40176
3.66850 1.20350 0.00421 0.02648 177.18621
0.15950 1.31950 0.00237 0.02136 246.63940
3.90050 1.20350 0.00209 0.01158 45.76949
1.98650 1.26150 0.00660 0.04947 218.71407
2.97250 1.23250 0.00591 0.02660 146.63846
2.01550 1.37750 0.00665 0.03489 198.22203
0.07250 1.20350 0.00191 0.08275 90.11771
2.91450 1.11650 0.00584 0.02983 143.14931
0.18850 1.20350 0.00236 0.01176 332.67250
0.04350 1.31950 0.00179 0.14599 269.79592
3.14650 1.11650 0.00496 0.02739 158.13644
1.08750 1.29050 0.00500 0.03175 187.14740
1.00050 1.17450 0.00469 0.02498 195.72796
1.92850 1.37750 0.00678 0.04754 218.44899
0.36250 1.20350 0.00249 0.02032 312.86562
2.36350 1.37750 0.00738 0.06886 286.20828
3.26250 1.23250 0.00497 0.02387 175.60314
0.42050 1.20350 0.00251 0.01837 310.29680
3.29150 1.11650 0.00456 0.03105 167.72739
3.43650 1.34850 0.00457 0.02243 0.12772
1.31950 1.17450 0.00501 0.03712 183.98554
0.36250 1.31950 0.00310 0.03400 318.82834
2.47950 1.37750 0.00793 0.03887 89.83786
2.30550 1.26150 0.00635 0.06065 297.34669
3.34950 1.11650 0.00445 0.03415 169.72667
3.26250 1.11650 0.00463 0.02977 166.53796
2.47950 1.14550 0.00630 0.05900 275.66131
3.81350 1.11650 0.00283 0.00908 38.24584
2.82750 1.37750 0.00702 0.02746 140.83832
4.68350 1.20350 0.00130 0.03644 86.00289
4.65450 1.20350 0.00132 0.02508 82.55480
1.84150 1.29050 0.00653 0.06288 226.35319
2.56650 1.37750 0.00799 0.01732 53.52036
1.89950 1.29050 0.00663 0.05851 224.75766
4.50950 1.20350 0.00140 0.00573 174.38895
1.75450 1.29050 0.00626 0.06222 224.36840
1.72550 1.29050 0.00616 0.06006 222.61827
0.88450 1.31950 0.00498 0.03133 187.31785
4.71250 1.31950 0.00128 0.04680 85.36750
1.81250 1.17450 0.00600 0.05861 223.64496
4.13250 1.11650 0.00140 0.00429 290.58728
0.04350 1.34850 0.00178 0.15469 269.71480
3.17550 1.37750 0.00577 0.01803 3.91130
0.21750 1.34850 0.00280 0.02076 326.89167
0.15950 1.34850 0.00239 0.02475 248.84779
0.21750 1.23250 0.00251 0.01874 315.60537
2.94350 1.26150 0.00612 0.02659 145.37162
3.87150 1.34850 0.00277 0.01181 174.26527
1.20350 1.31950 0.00514 0.03165 184.53061
4.04550 1.34850 0.00169 0.01443 18.46006
3.05950 1.14550 0.00533 0.02752 150.91102
1.00050 1.20350 0.00475 0.02681 194.11918
3.90050 1.23250 0.00219 0.01184 36.37615
4.30650 1.11650 0.00141 0.00096 155.30844
0.36250 1.23250 0.00261 0.02383 311.69944
3.23350 1.26150 0.00515 0.02211 177.25150
0.50750 1.23250 0.00281 0.02268 306.53638
1.34850 1.20350 0.00506 0.03510 184.13330
2.45050 1.17450 0.00638 0.06349 278.67000
4.27750 1.11650 0.00140 0.00045 157.96377
1.49350 1.20350 0.00519 0.03387 188.52240
0.47850 1.23250 0.00274 0.02219 308.65174
0.47850 1.34850 0.00353 0.03614 343.04413
4.24850 1.11650 0.00140 0.00028 270.00000
4.27750 1.23250 0.00142 0.00620 161.68186
1.52250 1.31950 0.00559 0.03889 201.84244
0.88450 1.34850 0.00507 0.03250 184.28783
1.66750 1.20350 0.00559 0.04446 209.43638
2.56650 1.29050 0.00746 0.02430 69.07420
3.69750 1.14550 0.00407 0.02338 175.65769
1.72550 1.20350 0.00580 0.05207 217.30562
1.60950 1.31950 0.00585 0.04893 213.41074
1.78350 1.31950 0.00646 0.06402 226.01263
4.62550 1.11650 0.00133 0.02205 84.82204
2.65350 1.29050 0.00740 0.01572 4.26735
0.85550 1.23250 0.00468 0.02276 190.91500
4.62550 1.23250 0.00134 0.01544 72.43346
4.77050 1.34850 0.00004 0.00000 180.00000
1.69650 1.31950 0.00616 0.05943 221.93777
4.13250 1.26150 0.00146 0.00799 28.87360
3.05950 1.29050 0.00579 0.02112 160.44108
2.07350 1.20350 0.00640 0.04128 210.01863
2.94350 1.29050 0.00621 0.02546 146.64693
0.21750 1.26150 0.00259 0.01917 317.55747
4.13250 1.37750 0.00157 0.01684 4.22382
0.13050 1.26150 0.00216 0.03876 263.48188
3.08850 1.17450 0.00530 0.02562 155.09523
4.04550 1.37750 0.00173 0.01466 10.53561
0.15950 1.26150 0.00232 0.01520 239.90909
2.07350 1.31950 0.00651 0.03394 189.32633
1.02950 1.34850 0.00512 0.03094 184.44841
0.13050 1.14550 0.00211 0.01849 255.34002
1.58050 1.34850 0.00584 0.04690 212.75138
2.42150 1.20350 0.00645 0.06575 281.92860
4.21950 1.37750 0.00150 0.01913 173.18340
1.37750 1.23250 0.00512 0.03377 184.82423
3.34950 1.29050 0.00494 0.02408 2.66632
4.21950 1.14550 0.00141 0.00114 46.06750
3.20450 1.17450 0.00493 0.02515 166.66555
4.27750 1.26150 0.00143 0.00794 163.91585
0.33350 1.37750 0.00329 0.03788 326.44416
0.50750 1.14550 0.00241 0.00908 297.92024
1.40650 1.23250 0.00514 0.03359 185.53576
2.27650 1.20350 0.00606 0.04732 307.62543
0.59450 1.37750 0.00434 0.04351 187.60683
2.79850 1.20350 0.00659 0.02575 145.69892
1.66750 1.23250 0.00571 0.04756 212.52386
0.88450 1.26150 0.00481 0.02688 191.17616
2.65350 1.20350 0.00694 0.01672 31.64568
2.59550 1.31950 0.00763 0.01694 45.40669
4.71250 1.14550 0.00128 0.05210 88.47116
3.72650 1.29050 0.00392 0.02160 175.80476
1.84150 1.23250 0.00633 0.06261 226.22300
4.53850 1.37750 0.00139 0.02226 136.87460
0.85550 1.14550 0.00411 0.00991 348.47463
4.48050 1.26150 0.00141 0.01050 149.18594
0.94250 1.14550 0.00452 0.01699 196.26965
0.71050 1.26150 0.00430 0.02338 359.70593
2.07350 1.58050 0.00667 0.04272 318.69169
2.97250 1.43550 0.00663 0.01951 158.22040
3.17550 1.43550 0.00588 0.01667 6.85642
4.07450 1.40650 0.00168 0.01696 175.60389
2.88550 1.55150 0.00731 0.02149 148.02570
1.92850 1.46450 0.00683 0.03937 213.39542
3.00150 1.55150 0.00692 0.01578 170.91976
1.26150 1.60950 0.00576 0.00955 348.58416
0.07250 1.40650 0.00186 0.14199 269.14045
4.04550 1.52250 0.00162 0.06064 112.81028
1.08750 1.60950 0.00574 0.01535 335.03721
0.01450 1.63850 0.00150 0.24041 269.46614
0.21750 1.40650 0.00286 0.02139 334.56083
2.45050 1.58050 0.00933 0.03038 270.43376
4.19050 1.63850 0.00130 0.13423 106.08963
4.42250 1.63850 0.00135 0.10068 108.81467
4.27750 1.40650 0.00149 0.02696 156.91583
4.16150 1.63850 0.00130 0.13273 105.84044
3.37850 1.43550 0.00431 0.01507 159.32826
4.36450 1.52250 0.00143 0.07403 122.32042
2.24750 1.46450 0.00722 0.07457 297.51697
0.56550 1.40650 0.00408 0.04698 197.92587
1.46450 1.60950 0.00589 0.01053 216.81549
1.29050 1.49350 0.00558 0.02250 184.35964
3.26250 1.43550 0.00526 0.01631 4.04307
4.21950 1.52250 0.00147 0.07291 122.70265
1.60950 1.49350 0.00622 0.05004 225.45343
3.61050 1.43550 0.00306 0.03018 105.68465
4.71250 1.40650 0.00127 0.04594 83.30036
4.74150 1.40650 0.00124 0.07119 87.18985
0.65250 1.40650 0.00441 0.04601 199.62032
1.87050 1.49350 0.00688 0.04879 223.29749
4.77050 1.52250 0.00004 0.00000 180.00000
1.72550 1.49350 0.00661 0.06231 229.62811
4.62550 1.52250 0.00132 0.01481 170.51860
2.62450 1.46450 0.00829 0.01694 159.61813
0.76850 1.63850 0.00204 0.05848 226.73906
2.68250 1.46450 0.00803 0.02308 143.81021
3.75550 1.43550 0.00278 0.02987 101.68613
0.97150 1.40650 0.00527 0.03091 359.01767
0.97150 1.52250 0.00548 0.02608 343.99727
0.30450 1.43550 0.00320 0.03439 330.83374
4.01650 1.43550 0.00182 0.01665 148.53454
3.11750 1.58050 0.00603 0.01257 4.38122
0.10150 1.55150 0.00186 0.14356 268.11584
4.07450 1.43550 0.00168 0.02093 156.60731
2.10250 1.60950 0.00678 0.05428 310.65968
1.17450 1.52250 0.00559 0.02050 352.34811
4.13250 1.43550 0.00159 0.02571 156.69605
1.08750 1.40650 0.00528 0.02911 180.49205
3.05950 1.58050 0.00656 0.01381 1.66028
1.20350 1.63850 0.00579 0.00853 339.18441
2.39250 1.49350 0.00855 0.05518 281.75389
2.47950 1.60950 0.00946 0.02083 79.48849
4.24850 1.55150 0.00142 0.09346 117.82078
0.44950 1.55150 0.00243 0.09580 242.32753
0.47850 1.66750 0.00186 0.10842 237.18349
3.26250 1.58050 0.00427 0.01260 120.41023
4.27750 1.43550 0.00149 0.03606 146.29671
4.21950 1.43550 0.00152 0.03220 151.31002
1.55150 1.52250 0.00606 0.03634 221.87706
2.30550 1.49350 0.00793 0.07620 290.86583
2.53750 1.60950 0.00927 0.01114 26.38104
3.26250 1.46450 0.00519 0.01503 2.78434
1.29050 1.52250 0.00563 0.01920 181.93997
0.68150 1.55150 0.00233 0.10059 237.98797
1.60950 1.52250 0.00624 0.04729 226.78242
4.68350 1.43550 0.00129 0.02991 74.92297
3.81350 1.46450 0.00242 0.03553 93.97071
4.50950 1.43550 0.00141 0.03617 129.70620
0.71050 1.66750 0.00167 0.06423 357.29618
1.84150 1.52250 0.00689 0.05317 226.72232
3.78450 1.46450 0.00247 0.03824 93.34358
0.65250 1.43550 0.00387 0.05426 219.42835
0.76850 1.66750 0.00187 0.04303 191.09321
3.69750 1.58050 0.00193 0.09901 269.16667
1.84150 1.63850 0.00693 0.05233 228.53287
1.69650 1.40650 0.00639 0.06235 225.94217
2.97250 1.60950 0.00711 0.01532 166.94370
3.17550 1.49350 0.00581 0.01480 7.06260
3.95850 1.46450 0.00197 0.02150 114.47924
1.98650 1.40650 0.00672 0.03579 203.13342
4.13250 1.46450 0.00160 0.03114 146.44772
3.05950 1.60950 0.00651 0.01304 2.28534
1.23250 1.55150 0.00566 0.01680 353.12878
4.10350 1.58050 0.00143 0.10003 109.28626
2.04450 1.52250 0.00663 0.03230 334.80737
4.01650 1.58050 0.00149 0.09438 104.63696
0.21750 1.46450 0.00280 0.01968 344.65041
3.03050 1.60950 0.00678 0.01369 178.78647
0.10150 1.58050 0.00182 0.15187 267.98125
2.39250 1.63850 0.00959 0.04702 280.55228
3.34950 1.60950 0.00320 0.03419 269.54754
0.33350 1.58050 0.00252 0.05192 234.96007
2.36350 1.40650 0.00763 0.06784 285.86998
0.42050 1.58050 0.00233 0.09620 242.83564
1.34850 1.43550 0.00552 0.02820 190.87555
2.27650 1.52250 0.00787 0.07946 293.20617
2.47950 1.52250 0.00896 0.02549 83.55804
2.45050 1.52250 0.00895 0.03399 271.78728
0.36250 1.46450 0.00322 0.03418 356.98104
2.39250 1.40650 0.00780 0.06129 282.56227
3.43650 1.49350 0.00334 0.02443 102.07346
1.55150 1.43550 0.00595 0.04445 216.90599
0.94250 1.58050 0.00494 0.02025 191.85369
2.82750 1.40650 0.00711 0.02726 140.64110
1.72550 1.66750 0.00664 0.05649 233.47899
3.63950 1.60950 0.00192 0.10675 268.36817
1.75450 1.43550 0.00662 0.06355 228.19574
1.81250 1.55150 0.00686 0.05623 229.17545
4.62550 1.58050 0.00131 0.01524 166.91237
1.84150 1.66750 0.00692 0.05308 228.88821
4.71250 1.46450 0.00126 0.04601 82.17987
4.62550 1.46450 0.00133 0.01371 177.40882
3.75550 1.49350 0.00233 0.05634 91.06788
2.85650 1.40650 0.00698 0.02629 142.32379
1.87050 1.55150 0.00690 0.04602 223.30056
0.97150 1.46450 0.00544 0.02936 351.22417
3.84250 1.60950 0.00158 0.10968 93.79531
2.18950 1.66750 0.00754 0.08315 298.92944
3.17550 1.63850 0.00496 0.00901 149.07986
3.03050 1.52250 0.00673 0.01564 175.15724
3.98750 1.60950 0.00143 0.10918 101.53945
1.17450 1.46450 0.00545 0.02564 358.59192
3.92950 1.60950 0.00148 0.10797 98.28095
2.07350 1.66750 0.00673 0.04571 316.96821
4.13250 1.49350 0.00156 0.04677 128.97739
0.21750 1.60950 0.00231 0.02965 239.40414
1.14550 1.46450 0.00544 0.02584 357.33803
0.30450 1.49350 0.00303 0.02859 346.61029
3.23350 1.63850 0.00419 0.01419 108.57541
4.21950 1.49350 0.00150 0.05483 131.05126
4.27750 1.60950 0.00135 0.11963 109.83457
3.37850 1.52250 0.00355 0.02122 102.32672
0.39150 1.49350 0.00303 0.03966 209.73234
3.23350 1.40650 0.00555 0.01783 7.02141
3.32050 1.52250 0.00408 0.01297 126.18973
0.36250 1.60950 0.00230 0.08290 244.11499
2.36350 1.43550 0.00788 0.06672 285.54434
3.34950 1.63850 0.00304 0.04077 267.65267
3.26250 1.63850 0.00386 0.01935 98.35210
0.59450 1.49350 0.00286 0.08644 236.88721
1.37750 1.58050 0.00578 0.01150 192.24784
3.72650 1.52250 0.00218 0.07289 269.58340
3.55250 1.52250 0.00257 0.05666 268.81683
1.87050 1.58050 0.00691 0.04587 223.83410
2.76950 1.66750 0.00804 0.02481 135.11430
2.85650 1.66750 0.00763 0.02008 144.03767
3.81350 1.52250 0.00205 0.06987 91.89467
1.75450 1.46450 0.00667 0.06299 228.86199
3.75550 1.63850 0.00158 0.11881 91.01761
1.72550 1.46450 0.00658 0.06316 228.70997
4.62550 1.49350 0.00133 0.01418 175.26656
0.65250 1.49350 0.00297 0.08118 235.32717
2.79850 1.66750 0.00789 0.02388 136.88372
4.48050 1.60950 0.00137 0.07419 113.34461
0.04350 1.87050 0.00139 0.26121 268.33053
1.92850 1.92850 0.00684 0.05901 226.70285
2.01550 1.69650 0.00674 0.03130 343.26744
4.13250 1.75450 0.00108 0.13565 97.33143
0.15950 1.87050 0.00153 0.18388 267.06975
2.91450 1.78350 0.00733 0.01251 157.39070
1.05850 1.72550 0.00552 0.00855 327.85257
2.04450 1.69650 0.00673 0.03718 328.11386
3.14650 1.89950 0.00417 0.02917 269.11618
2.91450 1.66750 0.00738 0.01634 155.20771
1.20350 1.72550 0.00584 0.00271 334.00128
2.13150 1.92850 0.00667 0.03571 350.89641
3.87150 1.75450 0.00105 0.05166 94.51864
2.30550 1.69650 0.00923 0.07652 288.56991
3.40750 1.66750 0.00255 0.06696 266.56671
3.46550 1.66750 0.00227 0.08590 266.97039
2.53750 1.81250 0.00976 0.01206 31.09409
2.36350 1.81250 0.00975 0.06124 280.29146
2.24750 1.92850 0.00713 0.05479 299.03530
2.50850 1.81250 0.00992 0.01676 61.09484
1.55150 1.72550 0.00607 0.01375 234.05536
3.34950 1.66750 0.00292 0.04855 267.24899
4.24850 1.87050 0.00105 0.16662 269.32944
1.52250 1.84150 0.00612 0.01258 200.62537
2.33450 1.81250 0.00934 0.06713 283.97414
3.49450 1.66750 0.00215 0.09455 267.25985
4.74150 1.75450 0.00118 0.08168 87.01044
4.71250 1.87050 0.00117 0.05577 84.25772
3.78450 1.78350 0.00110 0.05584 91.32363
2.59550 1.69650 0.00920 0.01594 149.80047
2.56650 1.81250 0.00955 0.01205 177.14709
2.79850 1.81250 0.00791 0.01997 134.14793
2.82750 1.69650 0.00779 0.02116 139.71593
3.55250 1.78350 0.00164 0.13231 269.63625
2.56650 1.92850 0.00951 0.01262 13.41983
2.71150 1.81250 0.00844 0.02346 130.10582
1.60950 1.72550 0.00623 0.02758 231.87544
4.53850 1.87050 0.00123 0.05706 101.44186
0.85550 1.87050 0.00188 0.12632 294.70260
3.17550 1.92850 0.00376 0.04161 266.90037
2.97250 1.69650 0.00708 0.01281 169.97129
2.88550 1.81250 0.00746 0.01334 150.43630
1.08750 1.75450 0.00559 0.00601 329.29772
3.98750 1.89950 0.00059 0.17965 274.63916
1.95750 1.72550 0.00687 0.03354 201.73163
2.94350 1.92850 0.00674 0.00751 165.57500
0.27550 1.78350 0.00185 0.09777 261.93289
3.92950 1.78350 0.00092 0.02190 99.88823
2.10250 1.72550 0.00686 0.05393 311.94852
0.24650 1.89950 0.00159 0.14286 92.55558
4.13250 1.78350 0.00102 0.12620 95.63876
3.92950 1.66750 0.00128 0.10664 98.09135
4.16150 1.66750 0.00125 0.13813 103.54833
0.62350 1.89950 0.00119 0.08210 79.11711
1.58050 1.75450 0.00617 0.02004 229.47314
0.62350 1.78350 0.00133 0.06120 287.41937
2.39250 1.72550 0.00991 0.04752 279.02027
3.34950 1.81250 0.00245 0.08637 267.39864
3.20450 1.69650 0.00420 0.01671 101.49827
0.59450 1.78350 0.00141 0.02969 288.23357
3.26250 1.81250 0.00310 0.05356 267.23909
1.40650 1.75450 0.00590 0.00119 107.06740
1.40650 1.87050 0.00601 0.01046 351.31214
0.47850 1.89950 0.00153 0.06995 141.91454
2.39250 1.84150 0.00987 0.05331 275.92125
3.69750 1.69650 0.00149 0.12329 90.32530
2.62450 1.72550 0.00904 0.01949 139.82925
3.66850 1.81250 0.00127 0.09284 90.70359
4.68350 1.78350 0.00121 0.03593 77.64241
0.68150 1.89950 0.00091 0.30173 280.59154
3.61050 1.92850 0.00121 0.07970 91.91251
1.89950 1.75450 0.00694 0.04664 222.13239
4.71250 1.78350 0.00119 0.05433 83.63885
2.71150 1.84150 0.00843 0.02297 129.71935
0.94250 1.89950 0.00285 0.04873 324.20947
0.85550 1.78350 0.00210 0.02221 347.04019
2.56650 1.84150 0.00956 0.01203 0.66675
4.74150 1.89950 0.00114 0.08455 87.32236
0.07250 1.81250 0.00148 0.23594 267.35697
1.14550 1.89950 0.00578 0.00998 336.87678
0.01450 1.81250 0.00138 0.26156 268.99449
3.17550 1.72550 0.00441 0.01449 104.54438
4.04550 1.92850 0.00064 0.09015 280.33270
0.13050 1.92850 0.00141 0.22125 268.87345
3.14650 1.84150 0.00430 0.02241 92.63390
1.05850 1.78350 0.00526 0.00598 353.18385
2.04450 1.75450 0.00677 0.03601 337.82929
3.87150 1.92850 0.00046 0.36812 272.67493
3.84250 1.92850 0.00050 0.33403 272.19957
4.10350 1.69650 0.00117 0.13083 101.69558
4.07450 1.81250 0.00091 0.08233 93.97009
1.52250 1.78350 0.00606 0.00870 224.48803
4.24850 1.92850 0.00100 0.16954 266.09376
3.34950 1.84150 0.00238 0.09375 267.64637
3.23350 1.84150 0.00329 0.04873 267.23566
4.30650 1.81250 0.00116 0.16049 93.97319
3.32050 1.84150 0.00256 0.08206 267.22686
0.62350 1.81250 0.00130 0.06074 273.33157
0.44950 1.92850 0.00152 0.08860 135.69964
4.45150 1.92850 0.00119 0.10769 93.22056
1.49350 1.78350 0.00602 0.00541 224.62552
4.19050 1.92850 0.00092 0.14961 264.04552
4.39350 1.81250 0.00123 0.13421 96.09504
0.50750 1.92850 0.00146 0.07696 150.56722
1.87050 1.89950 0.00679 0.05821 228.68444
1.81250 1.78350 0.00681 0.05763 231.19114
1.87050 1.78350 0.00691 0.05328 226.97755
0.82650 1.69650 0.00217 0.02845 224.81485
4.68350 1.69650 0.00123 0.03387 75.29088
4.53850 1.69650 0.00131 0.05623 110.81365
3.72650 1.84150 0.00109 0.02739 268.09573
3.75550 1.72550 0.00130 0.10452 91.42538
3.61050 1.72550 0.00162 0.12744 269.50097
0.88450 1.69650 0.00290 0.05366 260.27964
0.79750 1.92850 0.00106 0.42177 285.11632
0.68150 1.81250 0.00112 0.17511 283.55058
4.53850 1.92850 0.00120 0.05635 99.23164
3.08850 1.87050 0.00502 0.01247 102.68823
0.07250 1.72550 0.00158 0.22058 267.65904
4.13250 1.84150 0.00094 0.11830 269.85470
3.05950 1.87050 0.00543 0.00831 118.69299
1.26150 1.81250 0.00589 0.00319 346.57419
0.21750 1.84150 0.00167 0.13577 266.37260
4.04550 1.72550 0.00109 0.11060 100.29697
3.92950 1.72550 0.00109 0.07997 98.21724
3.14650 1.87050 0.00422 0.02574 90.46744
1.17450 1.81250 0.00585 0.00385 331.76984
2.10250 1.89950 0.00675 0.03679 353.77333
2.18950 1.89950 0.00687 0.04757 312.42683
0.07250 1.84150 0.00145 0.24044 267.46128
1.52250 1.81250 0.00609 0.01033 210.61179
0.59450 1.84150 0.00137 0.03620 55.86650
3.34950 1.75450 0.00261 0.07144 267.06351
1.55150 1.92850 0.00615 0.02189 189.86244
2.24750 1.78350 0.00826 0.08251 292.94145
0.53650 1.95750 0.00139 0.08241 152.75404
3.23350 1.87050 0.00322 0.05413 266.94994
4.39350 1.72550 0.00129 0.12596 101.41966
1.34850 1.92850 0.00597 0.01797 348.50873
3.49450 1.87050 0.00164 0.13692 269.96652
1.58050 1.81250 0.00620 0.01963 220.26892
0.39150 1.72550 0.00187 0.10152 251.41156
4.30650 1.84150 0.00114 0.16259 92.25596
2.74050 1.78350 0.00827 0.02347 131.00909
2.82750 1.89950 0.00762 0.01553 137.55755
0.88450 1.72550 0.00270 0.05107 258.44586
0.85550 1.84150 0.00196 0.08161 299.47669
1.69650 1.69650 0.00654 0.05059 233.51968
0.73950 1.72550 0.00145 0.10293 303.74102
0.76850 1.72550 0.00156 0.08140 304.24643
1.87050 1.92850 0.00675 0.06012 229.68194
2.85650 1.89950 0.00745 0.01322 143.45953
1.66750 1.92850 0.00633 0.03414 217.09480
3.75550 1.75450 0.00123 0.08677 91.26790
4.74150 1.84150 0.00115 0.08374 87.22780
1.81250 1.81250 0.00678 0.05713 230.79668
1.20350 2.18950 0.00463 0.01886 333.51647
0.07250 2.10250 0.00121 0.27714 91.03377
3.87150 1.98650 0.00018 0.61980 270.73031
1.14550 2.18950 0.00458 0.01570 323.91093
4.07450 1.98650 0.00065 0.02000 314.97975
0.18850 1.98650 0.00138 0.20496 93.65899
2.13150 2.04450 0.00652 0.03964 196.26310
0.04350 2.21850 0.00121 0.27901 269.84393
3.90050 1.98650 0.00017 0.62840 270.88080
0.24650 2.10250 0.00128 0.20144 101.58660
1.02950 2.07350 0.00356 0.02155 196.39104
2.91450 2.13150 0.00604 0.00700 158.82151
3.05950 2.13150 0.00449 0.01667 269.38135
2.30550 2.16050 0.00707 0.06378 290.14811
1.46450 2.07350 0.00548 0.03102 353.13155
4.30650 2.10250 0.00099 0.17049 264.75689
4.33550 2.10250 0.00102 0.16192 265.73916
0.59450 2.21850 0.00114 0.04904 15.20388
1.34850 1.95750 0.00591 0.02186 348.65408
4.24850 2.10250 0.00091 0.17392 262.82922
0.62350 2.21850 0.00100 0.10318 82.63874
3.34950 2.01550 0.00214 0.12640 268.39514
2.50850 2.04450 0.00952 0.02576 68.02513
2.24750 2.04450 0.00655 0.04210 310.24115
2.39250 2.04450 0.00885 0.05935 273.49685
1.34850 2.07350 0.00539 0.03008 347.65510
0.91350 1.98650 0.00174 0.29302 284.88091
2.85650 2.16050 0.00633 0.01070 146.90427
3.75550 2.01550 0.00058 0.42592 272.39250
0.85550 2.10250 0.00078 0.54263 284.27927
1.89950 1.95750 0.00676 0.06131 229.37235
0.82650 2.10250 0.00057 0.63535 284.33436
3.55250 2.01550 0.00125 0.11159 92.15701
4.56750 1.98650 0.00118 0.03852 101.74462
4.59650 1.98650 0.00117 0.02100 112.15605
0.65250 1.98650 0.00091 0.20157 275.84296
4.62550 2.10250 0.00113 0.00736 161.46660
0.79750 1.98650 0.00068 0.59724 284.50230
4.77050 1.98650 0.00004 0.00000 180.00000
3.92950 2.01550 0.00013 0.66639 270.69387
1.26150 2.21850 0.00454 0.01891 337.46169
3.98750 2.13150 0.00027 0.47758 271.06660
2.13150 1.95750 0.00664 0.03598 180.00000
2.94350 2.16050 0.00554 0.00533 158.05875
0.97150 1.98650 0.00269 0.10220 288.87464
1.11650 1.98650 0.00545 0.01585 343.35960
1.95750 2.07350 0.00658 0.06405 228.67103
3.05950 2.16050 0.00428 0.01664 268.31228
0.27550 2.01550 0.00139 0.17484 103.75091
3.90050 2.13150 0.00006 0.70132 270.44280
2.21850 2.18950 0.00628 0.04904 313.47148
0.21750 2.01550 0.00136 0.19938 97.06692
2.42150 2.18950 0.00862 0.05147 272.07083
4.36450 2.01550 0.00109 0.15077 267.49873
0.59450 2.01550 0.00120 0.05768 172.94891
1.52250 2.21850 0.00478 0.02868 195.97010
1.55150 2.21850 0.00483 0.03189 202.39186
0.44950 2.01550 0.00138 0.12997 133.02636
4.24850 2.01550 0.00095 0.17290 263.43439
1.34850 1.98650 0.00583 0.02571 348.76436
4.33550 2.13150 0.00101 0.16198 265.86146
0.47850 2.13150 0.00127 0.13364 136.49476
0.56550 2.01550 0.00126 0.08024 154.56551
1.49350 1.98650 0.00595 0.02658 355.51202
1.31950 2.21850 0.00456 0.01978 342.58203
0.85550 2.01550 0.00092 0.52167 284.42889
2.79850 1.95750 0.00764 0.01707 132.98254
4.48050 2.13150 0.00112 0.09376 92.02927
4.62550 2.01550 0.00116 0.00733 173.10758
4.59650 2.01550 0.00116 0.02114 110.89546
3.61050 2.04450 0.00108 0.04842 93.63539
2.68250 2.07350 0.00812 0.01905 133.74493
0.94250 2.01550 0.00204 0.19898 285.20890
2.82750 2.07350 0.00703 0.01360 138.72687
4.50950 2.13150 0.00113 0.07709 93.77106
1.66750 1.98650 0.00621 0.03375 211.15593
1.60950 2.21850 0.00496 0.03997 213.60260
0.68150 2.13150 0.00061 0.38096 279.59040
0.24650 2.04450 0.00134 0.19545 101.07364
2.94350 2.18950 0.00533 0.00509 159.43079
1.26150 2.13150 0.00497 0.02496 342.63228
3.11750 2.18950 0.00350 0.03331 264.52216
0.10150 2.16050 0.00122 0.26117 91.23959
0.13050 2.04450 0.00127 0.24738 92.31671
3.17550 1.95750 0.00375 0.04475 266.52829
1.02950 2.13150 0.00333 0.01943 197.64246
2.16050 2.10250 0.00633 0.03691 359.90686
0.24650 2.16050 0.00127 0.19182 100.51030
0.30450 2.16050 0.00128 0.16879 108.11077
3.08850 2.18950 0.00377 0.02418 265.11238
0.04350 2.04450 0.00123 0.28360 90.27678
2.42150 2.10250 0.00902 0.05279 89.75037
3.46550 1.95750 0.00160 0.14409 90.33799
4.33550 2.16050 0.00100 0.16172 266.22764
3.46550 2.07350 0.00144 0.15088 90.92662
2.50850 2.10250 0.00925 0.02572 69.32400
3.32050 2.18950 0.00200 0.12224 267.55259
2.24750 2.10250 0.00643 0.04413 310.10979
1.29050 2.13150 0.00499 0.02598 343.76979
2.27650 2.10250 0.00672 0.05044 298.96855
0.42050 2.16050 0.00128 0.13660 128.33556
2.39250 2.21850 0.00821 0.05877 277.45032
0.36250 2.04450 0.00136 0.15869 117.97160
4.30650 2.16050 0.00097 0.16995 265.30523
0.68150 2.16050 0.00062 0.39360 280.05056
0.82650 2.16050 0.00063 0.61098 284.58939
3.52350 1.95750 0.00140 0.13420 91.29798
1.66750 2.01550 0.00611 0.03445 209.85421
3.63950 2.18950 0.00092 0.02011 268.31867
3.81350 1.95750 0.00044 0.43136 271.08260
1.78350 2.01550 0.00638 0.05181 227.58126
3.52350 2.07350 0.00126 0.13206 92.18292
0.91350 2.04450 0.00154 0.30319 285.19131
1.63850 2.13150 0.00545 0.03867 209.56843
0.82650 2.04450 0.00063 0.62509 284.39594
1.66750 2.13150 0.00554 0.04196 214.76942
0.79750 2.16050 0.00049 0.65307 284.14540
2.97250 1.98650 0.00624 0.00585 154.13632
2.18950 2.13150 0.00623 0.03770 338.39615
3.95850 2.18950 0.00022 0.56718 271.09712
4.07450 2.07350 0.00060 0.03533 303.79352
3.87150 2.18950 0.00015 0.63013 270.82383
3.87150 2.07350 0.00005 0.71015 270.22026
0.30450 2.07350 0.00132 0.17987 109.01013
0.24650 2.18950 0.00128 0.18288 99.47674
2.04450 2.13150 0.00643 0.05376 216.51395
0.07250 2.07350 0.00122 0.27614 90.93375
3.90050 1.95750 0.00031 0.50718 271.76260
3.17550 2.21850 0.00284 0.05446 264.31977
4.13250 2.07350 0.00073 0.09187 254.42982
3.32050 1.98650 0.00239 0.11067 267.75243
4.42250 1.95750 0.00116 0.12317 91.16306
1.46450 2.16050 0.00497 0.02754 357.25291
3.40750 2.21850 0.00149 0.15112 269.15447
2.30550 2.13150 0.00703 0.06045 290.42847
3.37850 2.21850 0.00161 0.14321 268.57560
0.56550 2.07350 0.00121 0.09048 150.07447
4.33550 2.07350 0.00103 0.16181 265.75772
0.62350 2.18950 0.00099 0.09889 80.50053
3.43650 2.21850 0.00139 0.15653 269.72913
1.29050 2.04450 0.00551 0.02836 347.37038
0.36250 2.07350 0.00132 0.16383 117.97436
1.49350 2.04450 0.00568 0.03040 355.67936
2.59550 2.13150 0.00858 0.01231 176.64720
4.65450 2.07350 0.00113 0.01882 69.60073
3.61050 2.21850 0.00097 0.07315 91.77841
4.62550 1.95750 0.00118 0.00799 174.32509
1.60950 2.16050 0.00521 0.03737 207.11365
4.71250 2.18950 0.00109 0.05563 84.80184
0.94250 2.18950 0.00189 0.18814 285.18193
3.75550 2.21850 0.00058 0.28351 273.21301
2.76950 2.13150 0.00714 0.01755 131.81249
1.87050 2.16050 0.00613 0.06472 229.92012
0.82650 2.07350 0.00058 0.63524 284.30991
3.66850 1.98650 0.00099 0.05257 277.48733
3.72650 2.21850 0.00068 0.18473 273.97623
0.30450 2.45050 0.00153 0.07404 256.07262
0.13050 2.45050 0.00143 0.17548 265.36515
3.90050 2.45050 0.00078 0.07793 93.02322
3.87150 2.33450 0.00059 0.09639 278.06874
3.03050 2.24750 0.00389 0.00969 267.69284
3.00150 2.24750 0.00420 0.00553 101.14751
4.04550 2.33450 0.00067 0.03605 265.52937
3.17550 2.47950 0.00175 0.04350 249.68601
0.97150 2.42150 0.00286 0.02743 245.07019
0.24650 2.45050 0.00152 0.07908 258.17851
3.05950 2.24750 0.00359 0.01584 263.73169
1.20350 2.42150 0.00377 0.01597 347.85261
1.17450 2.42150 0.00378 0.01562 341.86673
0.42050 2.45050 0.00144 0.08900 252.65634
1.37750 2.30550 0.00425 0.01638 356.29060
3.46550 2.24750 0.00128 0.15615 90.01101
3.40750 2.24750 0.00146 0.15058 268.91549
4.21950 2.45050 0.00090 0.15601 95.08969
1.29050 2.42150 0.00380 0.01769 182.88343
2.33450 2.27650 0.00741 0.07218 286.55707
4.21950 2.33450 0.00086 0.16244 269.26281
1.43550 2.42150 0.00397 0.02660 206.57468
3.29150 2.36350 0.00165 0.09608 263.86396
0.44950 2.33450 0.00134 0.05573 119.71172
2.50850 2.39250 0.00690 0.02091 80.86209
2.30550 2.27650 0.00712 0.07777 289.76533
4.53850 2.45050 0.00106 0.05716 102.83759
4.71250 2.33450 0.00107 0.05340 84.26058
3.61050 2.47950 0.00105 0.14044 266.27657
4.74150 2.21850 0.00107 0.08475 87.49107
1.60950 2.42150 0.00446 0.05557 223.88442
4.56750 2.21850 0.00111 0.04508 99.84675
1.63850 2.30550 0.00480 0.05080 223.53243
1.66750 2.30550 0.00490 0.05594 225.81835
4.59650 2.33450 0.00108 0.02960 108.47780
2.71150 2.39250 0.00585 0.01842 133.89999
0.68150 2.33450 0.00090 0.21755 279.16746
3.61050 2.36350 0.00099 0.12592 268.94886
2.71150 2.27650 0.00669 0.01854 132.31111
4.13250 2.47950 0.00087 0.14563 96.68386
0.15950 2.36350 0.00138 0.17533 265.76747
2.10250 2.30550 0.00579 0.04493 334.33600
0.15950 2.24750 0.00127 0.21128 90.36881
3.11750 2.27650 0.00288 0.03155 261.32287
0.07250 2.47950 0.00141 0.22697 267.38632
3.98750 2.36350 0.00065 0.00564 258.74985
0.97150 2.45050 0.00290 0.02441 243.56090
2.94350 2.39250 0.00379 0.00243 163.50401
3.95850 2.24750 0.00039 0.35775 273.37643
3.90050 2.36350 0.00063 0.04125 281.92013
2.88550 2.27650 0.00524 0.00747 160.13477
0.10150 2.24750 0.00125 0.24694 269.35263
2.24750 2.30550 0.00642 0.07888 297.29270
0.42050 2.24750 0.00131 0.09443 128.72803
0.53650 2.47950 0.00133 0.07334 222.64050
3.40750 2.39250 0.00134 0.13664 265.95023
0.50750 2.36350 0.00130 0.02899 124.37519
0.44950 2.36350 0.00136 0.05436 104.48873
1.52250 2.33450 0.00437 0.03049 211.82414
1.37750 2.45050 0.00382 0.02444 199.28009
2.36350 2.42150 0.00656 0.07019 286.58118
0.50750 2.24750 0.00126 0.07557 151.41374
1.58050 2.45050 0.00432 0.05281 221.72995
1.31950 2.45050 0.00375 0.02113 190.71960
0.59450 2.36350 0.00118 0.03327 66.83306
0.65250 2.36350 0.00102 0.11544 276.80059
0.91350 2.24750 0.00195 0.13434 295.24312
2.59550 2.30550 0.00731 0.01060 173.39121
4.48050 2.24750 0.00108 0.09608 93.43684
0.94250 2.47950 0.00259 0.03846 255.29890
2.68250 2.42150 0.00582 0.01718 137.85416
0.88450 2.47950 0.00197 0.04745 256.20977
3.72650 2.39250 0.00085 0.08180 266.70593
1.78350 2.45050 0.00511 0.06415 225.12631
2.65350 2.30550 0.00692 0.01579 140.70549
3.63950 2.39250 0.00096 0.12383 268.47297
1.69650 2.33450 0.00496 0.06145 227.53251
0.85550 2.47950 0.00173 0.03061 236.59550
1.92850 2.33450 0.00575 0.05175 215.36392
0.27550 2.27650 0.00134 0.13130 96.50741
2.91450 2.42150 0.00394 0.00457 164.38191
2.88550 2.42150 0.00425 0.00690 159.12338
0.10150 2.50850 0.00145 0.19140 266.51348
2.01550 2.33450 0.00575 0.04007 188.27975
0.15950 2.27650 0.00130 0.20259 269.16567
1.98650 2.45050 0.00537 0.03250 185.43866
0.24650 2.39250 0.00145 0.10333 263.13014
1.14550 2.36350 0.00399 0.01428 324.22919
1.20350 2.47950 0.00363 0.01920 355.93777
0.01450 2.39250 0.00129 0.26567 269.03161
4.10350 2.39250 0.00078 0.12082 92.96045
1.31950 2.36350 0.00399 0.01533 357.49584
4.30650 2.39250 0.00095 0.15505 93.01298
4.42250 2.39250 0.00103 0.11609 95.52152
0.47850 2.50850 0.00144 0.10213 239.64624
1.52250 2.36350 0.00430 0.03307 214.51655
1.43550 2.47950 0.00388 0.03349 207.78165
1.55150 2.24750 0.00471 0.03190 206.26789
3.26250 2.42150 0.00161 0.07836 259.99075
2.30550 2.33450 0.00694 0.08282 290.20948
1.58050 2.47950 0.00428 0.05545 220.87586
1.40650 2.47950 0.00382 0.03035 204.09090
4.19050 2.27650 0.00082 0.15285 265.68524
1.46450 2.36350 0.00417 0.02418 205.10277
4.50950 2.27650 0.00108 0.08000 95.72485
1.66750 2.47950 0.00460 0.06577 224.39017
0.88450 2.39250 0.00183 0.02056 210.64356
3.75550 2.42150 0.00085 0.08714 267.28338
4.74150 2.27650 0.00107 0.08396 87.44020
3.66850 2.30550 0.00088 0.06146 267.78988
0.82650 2.39250 0.00135 0.08802 291.23567
0.71050 2.27650 0.00074 0.39515 281.53117
1.63850 2.47950 0.00449 0.06288 223.47273
4.68350 2.27650 0.00108 0.03453 79.41908
0.68150 2.39250 0.00098 0.13866 283.74662
3.69750 2.30550 0.00082 0.02476 258.42235
2.76950 2.33450 0.00584 0.01664 134.43997
2.88550 2.45050 0.00409 0.00710 157.47943
0.13050 2.30550 0.00130 0.21546 267.80558
0.01450 2.30550 0.00124 0.27345 269.33996
2.07350 2.47950 0.00516 0.03946 324.07405
3.05950 2.45050 0.00242 0.01433 240.33944
2.91450 2.45050 0.00379 0.00457 162.67591
3.00150 2.45050 0.00290 0.00474 236.00820
1.23250 2.27650 0.00429 0.01555 333.40198
2.10250 2.36350 0.00559 0.04913 323.21640
2.01550 2.47950 0.00523 0.03042 349.75748
2.04450 2.47950 0.00520 0.03373 335.25096
2.07350 2.24750 0.00600 0.04223 185.48921
1.11650 2.27650 0.00424 0.01320 312.29706
1.49350 2.27650 0.00451 0.02491 197.91118
0.53650 2.30550 0.00126 0.04582 169.05544
0.39150 2.30550 0.00135 0.08086 112.24485
3.43650 2.33450 0.00131 0.15124 267.98042
2.47950 2.47950 0.00601 0.03329 273.46146
0.36250 2.30550 0.00137 0.08839 106.53037
3.34950 2.33450 0.00153 0.12366 266.26760
2.39250 2.47950 0.00595 0.06264 285.23426
4.45150 2.42150 0.00104 0.10042 97.43780
2.33450 2.47950 0.00579 0.08007 290.20259
1.34850 2.27650 0.00434 0.01677 348.06032
1.55150 2.50850 0.00414 0.05365 218.05765
2.24750 2.47950 0.00546 0.08856 296.77047
0.76850 2.30550 0.00085 0.37108 283.16254
1.72550 2.39250 0.00499 0.06603 227.33230
3.78450 2.45050 0.00085 0.09445 268.45905
2.71150 2.24750 0.00690 0.01864 132.04206
1.89950 2.39250 0.00556 0.05049 216.42282
3.61050 2.33450 0.00098 0.11808 269.48082
1.89950 2.27650 0.00587 0.06121 224.11310
2.59550 2.36350 0.00681 0.01020 175.04973
0.73950 2.42150 0.00104 0.15205 289.55040
0.88450 2.30550 0.00173 0.09809 297.86599
4.56750 2.30550 0.00109 0.04683 101.41792
1.69650 2.27650 0.00510 0.05741 226.36930
1.84150 2.39250 0.00544 0.06026 223.70905
3.00150 2.59550 0.00261 0.00243 264.10194
1.26150 2.53750 0.00355 0.02470 186.20445
2.97250 2.71150 0.00288 0.01056 163.09281
0.24650 2.68250 0.00185 0.01878 353.39708
4.07450 2.56650 0.00092 0.13020 100.19739
1.20350 2.65350 0.00333 0.02539 181.44450
2.10250 2.50850 0.00504 0.04463 316.52511
1.17450 2.76950 0.00318 0.02924 180.47027
0.15950 2.56650 0.00157 0.09683 262.72012
4.01650 2.56650 0.00091 0.12368 99.54533
1.14550 2.76950 0.00318 0.02907 359.68465
1.08750 2.53750 0.00354 0.01938 340.77971
4.01650 2.68250 0.00099 0.06980 105.38614
1.31950 2.65350 0.00341 0.03058 188.93561
0.53650 2.68250 0.00185 0.08185 238.62087
0.59450 2.68250 0.00182 0.09366 240.56926
0.53650 2.56650 0.00147 0.11611 233.41137
1.34850 2.65350 0.00345 0.03255 190.99922
3.34950 2.71150 0.00149 0.03298 239.83486
3.32050 2.59550 0.00137 0.06724 248.44860
1.55150 2.76950 0.00351 0.04722 202.70947
2.45050 2.74050 0.00387 0.06845 282.27189
3.40750 2.59550 0.00129 0.08542 251.76444
0.36250 2.68250 0.00195 0.02785 185.25404
4.42250 2.68250 0.00103 0.05697 110.88444
4.24850 2.56650 0.00097 0.12813 100.89161
0.76850 2.68250 0.00208 0.07054 240.40422
3.69750 2.71150 0.00120 0.03766 229.78151
0.88450 2.56650 0.00224 0.05398 252.86761
4.56750 2.68250 0.00104 0.02048 125.52142
2.65350 2.74050 0.00387 0.01647 47.73099
3.52350 2.71150 0.00138 0.04036 231.89220
2.74050 2.62450 0.00425 0.01838 142.05118
0.82650 2.68250 0.00240 0.04875 231.79723
2.65350 2.62450 0.00450 0.01205 3.28269
1.66750 2.76950 0.00378 0.06188 214.63776
3.61050 2.71150 0.00131 0.03977 228.75173
1.81250 2.53750 0.00495 0.05763 222.30646
2.82750 2.50850 0.00431 0.01387 141.41117
0.07250 2.71150 0.00153 0.17235 268.24778
4.01650 2.71150 0.00100 0.05207 108.48715
2.88550 2.50850 0.00383 0.00799 153.94794
2.16050 2.65350 0.00452 0.03671 321.42550
3.95850 2.71150 0.00101 0.04350 102.35879
3.14650 2.50850 0.00181 0.03370 244.92558
3.17550 2.74050 0.00189 0.00686 92.42421
0.04350 2.59550 0.00145 0.22616 268.61406
2.97250 2.62450 0.00284 0.00402 160.07777
1.17450 2.68250 0.00328 0.02543 180.06759
1.11650 2.68250 0.00328 0.02449 356.55936
2.18950 2.53750 0.00495 0.06770 303.38257
3.05950 2.74050 0.00240 0.00728 168.67464
2.36350 2.65350 0.00433 0.07476 290.27709
3.20450 2.62450 0.00158 0.03468 240.35964
0.56550 2.71150 0.00197 0.07311 236.33384
2.30550 2.65350 0.00436 0.06969 296.41064
3.37850 2.74050 0.00154 0.02501 243.54765
1.49350 2.56650 0.00389 0.04905 210.53306
2.42150 2.53750 0.00536 0.05748 283.22397
2.24750 2.76950 0.00406 0.03559 322.16737
3.34950 2.74050 0.00157 0.02316 245.40455
0.39150 2.71150 0.00201 0.03055 183.20896
3.32050 2.62450 0.00138 0.05923 244.81947
1.58050 2.56650 0.00414 0.06091 217.38162
3.40750 2.50850 0.00128 0.11424 260.11056
2.85650 2.53750 0.00396 0.01191 145.05529
4.71250 2.59550 0.00104 0.05055 84.28941
3.78450 2.50850 0.00092 0.11548 269.44428
2.71150 2.53750 0.00486 0.01787 139.74293
3.61050 2.74050 0.00140 0.02896 227.37896
2.79850 2.76950 0.00354 0.02053 145.11773
3.66850 2.74050 0.00132 0.02918 223.94474
0.94250 2.71150 0.00318 0.02742 352.37222
4.53850 2.71150 0.00104 0.02558 121.35948
4.59650 2.59550 0.00105 0.01837 126.23372
3.52350 2.62450 0.00121 0.08563 250.28901
2.68250 2.53750 0.00498 0.01562 146.80850
0.85550 2.71150 0.00274 0.03417 206.64005
3.92950 2.74050 0.00102 0.02670 94.36085
2.91450 2.65350 0.00326 0.01131 151.07824
2.21850 2.56650 0.00482 0.06933 301.34220
3.98750 2.50850 0.00085 0.11881 97.29190
4.04550 2.50850 0.00086 0.12976 97.96900
3.08850 2.65350 0.00207 0.00839 239.39939
3.84250 2.62450 0.00100 0.09115 90.67263
1.23250 2.71150 0.00326 0.02749 182.77290
3.00150 2.53750 0.00266 0.00385 232.92165
0.21750 2.62450 0.00173 0.02162 227.56768
1.26150 2.71150 0.00327 0.02818 184.02912
3.08850 2.76950 0.00233 0.00918 177.43995
1.98650 2.56650 0.00500 0.02849 192.05543
4.36450 2.74050 0.00102 0.05033 116.26465
2.36350 2.56650 0.00498 0.07616 288.92505
0.53650 2.62450 0.00162 0.11506 241.34781
0.36250 2.62450 0.00181 0.03798 223.84784
1.58050 2.71150 0.00376 0.05741 210.00358
4.27750 2.74050 0.00101 0.05565 116.47756
1.29050 2.71150 0.00329 0.02917 185.44871
0.42050 2.62450 0.00175 0.06778 238.55641
3.20450 2.53750 0.00159 0.04779 247.44837
3.43650 2.53750 0.00125 0.11278 258.68907
4.42250 2.74050 0.00103 0.04306 116.91017
1.55150 2.71150 0.00369 0.05367 207.14749
3.34950 2.76950 0.00165 0.01352 259.42981
4.50950 2.62450 0.00104 0.04679 109.51543
4.48050 2.62450 0.00104 0.05550 108.05300
1.72550 2.59550 0.00454 0.06736 222.26854
4.71250 2.74050 0.00103 0.05097 85.31851
4.53850 2.62450 0.00104 0.03731 112.04097
0.88450 2.62450 0.00251 0.04193 239.37371
1.89950 2.71150 0.00451 0.05315 220.59779
4.68350 2.50850 0.00106 0.03179 77.77811
0.71050 2.74050 0.00229 0.06140 228.55864
4.77050 2.74050 0.00004 0.00000 180.00000
2.85650 2.56650 0.00386 0.01284 144.31709
1.78350 2.71150 0.00430 0.06604 221.98012
4.77050 2.62450 0.00004 0.00000 180.00000
0.01450 2.76950 0.00146 0.20297 269.52857
0.13050 2.65350 0.00158 0.11110 265.16741
0.30450 2.65350 0.00188 0.02247 352.78958
1.26150 2.62450 0.00341 0.02730 185.63333
2.88550 2.56650 0.00363 0.00968 150.76150
2.10250 2.71150 0.00446 0.02868 181.51847
1.14550 2.62450 0.00337 0.02308 356.89589
2.97250 2.68250 0.00285 0.00827 159.98730
0.07250 2.53750 0.00145 0.21523 267.60874
4.10350 2.76950 0.00100 0.03094 124.74318
1.00050 2.62450 0.00336 0.02234 342.70871
1.11650 2.62450 0.00337 0.02254 354.16798
0.21750 2.53750 0.00162 0.04909 252.11127
4.33550 2.53750 0.00099 0.11789 100.13270
4.39350 2.65350 0.00102 0.07100 107.87349
4.42250 2.76950 0.00103 0.03726 120.58404
4.39350 2.53750 0.00101 0.10101 100.94059
1.58050 2.74050 0.00366 0.05444 208.09973
1.46450 2.74050 0.00343 0.03969 196.06041
4.36450 2.53750 0.00100 0.10989 100.43356
1.55150 2.62450 0.00393 0.05867 212.37082
2.30550 2.71150 0.00411 0.05914 299.65595
1.46450 2.62450 0.00371 0.04648 204.14399
0.53650 2.65350 0.00174 0.09842 240.21541
4.21950 2.76950 0.00101 0.04310 122.84944
2.45050 2.59550 0.00483 0.05471 280.48843
4.77050 2.76950 0.00004 0.00000 180.00000
3.69750 2.68250 0.00116 0.05212 244.06919
4.50950 2.53750 0.00105 0.06007 104.51052
1.78350 2.74050 0.00419 0.06625 221.74486
0.79750 2.53750 0.00157 0.05034 223.85713
2.68250 2.71150 0.00398 0.01322 9.71171
2.79850 2.59550 0.00413 0.01832 137.94304
1.84150 2.62450 0.00474 0.05514 221.27195
1.75450 2.62450 0.00453 0.06556 222.06971
0.94250 2.76950 0.00319 0.02993 354.93904
3.66850 2.56650 0.00106 0.11797 263.39968
0.85550 2.76950 0.00300 0.03320 183.02186
1.75450 2.74050 0.00411 0.06710 220.86061
3.98750 2.79850 0.00102 0.00738 114.30911
2.94350 2.82750 0.00301 0.02101 150.55610
0.07250 2.79850 0.00154 0.15001 268.68598
3.90050 2.91450 0.00104 0.01127 181.93287
0.15950 2.79850 0.00168 0.04536 259.58443
3.03050 2.82750 0.00270 0.01749 166.03528
4.04550 3.03050 0.00101 0.00988 185.39911
1.02950 3.00150 0.00291 0.03441 188.17013
2.13150 2.85650 0.00403 0.03852 209.77994
3.92950 3.03050 0.00102 0.01471 187.81605
0.04350 3.03050 0.00154 0.11017 90.42125
4.07450 3.03050 0.00101 0.00862 181.72766
1.98650 2.85650 0.00405 0.05735 223.40337
4.24850 2.79850 0.00101 0.03521 127.92780
4.36450 2.91450 0.00102 0.01371 156.44479
3.32050 2.94350 0.00223 0.02661 4.98000
2.33450 2.97250 0.00346 0.03012 327.80307
2.39250 2.85650 0.00356 0.05768 293.51164
2.42150 2.97250 0.00328 0.05166 294.06947
2.36350 2.85650 0.00361 0.05004 299.69518
1.55150 2.88550 0.00323 0.03662 191.08289
0.50750 2.91450 0.00200 0.02254 320.88765
0.44950 2.91450 0.00193 0.02262 318.18977
0.56550 2.91450 0.00213 0.02315 328.02610
1.29050 2.88550 0.00313 0.03589 359.68072
1.34850 2.88550 0.00314 0.03488 180.11499
4.48050 3.03050 0.00102 0.00777 40.66532
1.78350 2.88550 0.00361 0.06013 218.58540
2.56650 2.97250 0.00303 0.06243 272.50630
2.85650 2.97250 0.00294 0.02145 154.92824
4.74150 2.91450 0.00102 0.07442 88.49074
1.89950 3.00150 0.00339 0.05775 221.96804
0.91350 2.79850 0.00314 0.03165 356.88444
3.63950 2.94350 0.00191 0.01543 163.54970
1.84150 3.00150 0.00330 0.05190 215.95351
3.69750 2.94350 0.00167 0.00618 150.53113
3.78450 2.94350 0.00123 0.00889 356.13019
4.56750 2.91450 0.00103 0.00952 36.11146
4.65450 3.03050 0.00102 0.03114 84.45237
0.24650 2.82750 0.00188 0.02031 326.40381
3.00150 2.97250 0.00277 0.02563 150.34386
4.04550 2.82750 0.00101 0.00686 139.37155
1.11650 2.79850 0.00316 0.03084 359.16403
3.87150 2.82750 0.00106 0.01055 192.98240
0.24650 3.05950 0.00170 0.01381 314.97066
3.14650 2.97250 0.00254 0.02496 169.65819
0.13050 2.94350 0.00162 0.05315 266.72090
2.01550 2.88550 0.00396 0.05656 223.84665
2.88550 2.97250 0.00291 0.02352 149.48751
1.08750 3.03050 0.00288 0.03730 189.67697
1.08750 2.91450 0.00305 0.03767 181.38420
1.20350 2.91450 0.00309 0.03867 359.83702
2.30550 3.00150 0.00346 0.02702 354.22188
3.34950 2.85650 0.00193 0.01643 0.24411
1.49350 3.03050 0.00310 0.03884 350.35094
2.53750 2.88550 0.00329 0.06248 274.23131
3.20450 2.85650 0.00217 0.01751 6.72322
2.27650 2.88550 0.00373 0.02922 339.33838
0.44950 3.05950 0.00171 0.00291 254.86572
1.49350 2.79850 0.00334 0.03811 194.26599
0.56550 3.05950 0.00176 0.00623 42.72497
0.42050 2.82750 0.00207 0.03253 332.08808
2.47950 3.00150 0.00313 0.06262 284.50001
3.49450 2.97250 0.00214 0.02796 179.36477
2.39250 2.88550 0.00350 0.05392 295.19151
3.66850 2.97250 0.00185 0.01313 162.48976
0.71050 2.94350 0.00255 0.02090 354.31668
0.94250 2.94350 0.00299 0.03191 185.06928
1.84150 2.91450 0.00361 0.06211 221.84803
3.81350 2.85650 0.00114 0.01296 184.42583
0.85550 2.94350 0.00294 0.02744 187.39180
2.76950 2.88550 0.00323 0.01632 177.15513
1.69650 3.03050 0.00310 0.03609 186.85917
0.65250 3.05950 0.00188 0.01457 67.35896
0.73950 3.05950 0.00209 0.01591 79.53737
4.59650 2.82750 0.00104 0.00973 33.08560
0.71050 3.05950 0.00201 0.01660 75.05969
2.76950 3.00150 0.00291 0.01777 29.20494
2.18950 2.91450 0.00381 0.03568 206.76611
4.04550 2.97250 0.00101 0.00689 351.23487
2.21850 2.79850 0.00404 0.02970 342.29723
1.95750 3.03050 0.00338 0.05947 225.12943
2.07350 2.79850 0.00425 0.03965 210.69856
1.02950 2.94350 0.00300 0.03623 183.68680
1.17450 3.05950 0.00287 0.04124 190.22284
0.13050 2.85650 0.00163 0.06852 266.06690
1.05850 2.94350 0.00301 0.03734 183.31601
2.13150 2.91450 0.00387 0.04432 217.52918
3.95850 2.85650 0.00102 0.00561 346.18660
0.01450 2.85650 0.00147 0.18097 269.73722
0.18850 2.97250 0.00171 0.00864 210.69081
0.47850 2.97250 0.00182 0.01316 308.86373
0.44950 2.85650 0.00206 0.03019 330.05503
2.50850 2.91450 0.00323 0.06792 278.50949
1.58050 2.82750 0.00339 0.04395 200.91770
1.58050 2.94350 0.00316 0.03528 186.01921
4.42250 2.85650 0.00102 0.02110 136.70895
2.24750 2.91450 0.00373 0.02897 184.79156
2.47950 3.03050 0.00308 0.06087 285.43593
3.20450 2.88550 0.00226 0.02031 4.32080
0.42050 2.97250 0.00180 0.01447 315.25191
0.62350 2.85650 0.00255 0.03644 183.80780
1.34850 3.05950 0.00303 0.04366 357.67634
3.49450 2.88550 0.00195 0.01843 175.33188
1.89950 2.94350 0.00360 0.06224 224.08215
4.59650 2.97250 0.00103 0.01546 69.76050
0.76850 2.97250 0.00265 0.01852 359.04103
1.72550 2.82750 0.00370 0.06120 216.65646
4.77050 2.97250 0.00004 0.00000 180.00000
2.85650 2.91450 0.00307 0.02253 149.52027
3.81350 2.88550 0.00114 0.01210 181.70557
4.53850 2.85650 0.00103 0.01110 159.21443
2.71150 2.91450 0.00316 0.01993 48.51927
2.59550 3.03050 0.00288 0.06035 270.17089
1.63850 2.82750 0.00350 0.05120 207.86644
0.65250 2.97250 0.00216 0.01649 309.90788
4.71250 2.85650 0.00103 0.05203 86.42985
4.04550 3.00150 0.00101 0.00836 359.45173
2.01550 2.94350 0.00376 0.06007 226.36923
3.17550 2.79850 0.00207 0.00956 175.61969
1.11650 2.97250 0.00299 0.04008 183.84831
3.05950 2.79850 0.00252 0.01342 173.83900
2.88550 3.03050 0.00280 0.02242 153.45780
2.97250 2.91450 0.00288 0.02468 149.86056
3.14650 2.79850 0.00217 0.01050 179.34522
4.01650 2.88550 0.00101 0.00359 324.53664
2.07350 3.05950 0.00342 0.05879 228.59955
2.04450 3.05950 0.00339 0.05978 228.26855
4.10350 2.88550 0.00101 0.00353 22.13294
1.20350 2.85650 0.00313 0.03482 180.08227
3.32050 2.79850 0.00176 0.00853 126.70873
2.53750 3.05950 0.00293 0.06787 277.91041
4.27750 2.88550 0.00101 0.01490 151.31895
4.19050 2.88550 0.00101 0.00940 165.32782
4.39350 3.00150 0.00102 0.00713 9.44911
3.49450 2.91450 0.00203 0.02297 179.55102
2.50850 2.82750 0.00350 0.06295 276.94326
3.40750 2.79850 0.00170 0.00948 104.10957
4.21950 2.88550 0.00101 0.01150 158.05061
3.46550 2.79850 0.00168 0.00942 91.03389
2.53750 2.82750 0.00348 0.05712 272.97061
1.46450 2.97250 0.00313 0.03671 355.18710
0.47850 2.88550 0.00203 0.02622 327.63102
0.76850 2.88550 0.00295 0.03126 186.83404
2.68250 3.05950 0.00277 0.04008 77.22932
3.75550 3.03050 0.00136 0.00424 337.24500
1.78350 2.85650 0.00372 0.06328 219.98062
4.68350 3.00150 0.00102 0.04056 86.12673
4.65450 3.00150 0.00102 0.03031 83.63476
0.73950 2.88550 0.00289 0.03170 187.94097
1.75450 2.97250 0.00326 0.04546 207.32594
2.85650 2.82750 0.00324 0.02207 145.33769
4.59650 2.88550 0.00103 0.01178 53.24681
0.65250 3.00150 0.00205 0.01544 286.74544
1.63850 2.97250 0.00315 0.03637 188.88990
1.87050 2.85650 0.00389 0.06461 223.73951
4.04550 3.14650 0.00101 0.01643 200.78462
1.95750 3.20450 0.00293 0.04057 209.26312
3.90050 3.14650 0.00102 0.02055 185.08084
1.17450 3.11750 0.00275 0.03719 197.98182
0.01450 3.14650 0.00150 0.09359 90.74692
3.03050 3.05950 0.00262 0.02636 147.94393
3.98750 3.14650 0.00101 0.01880 199.44680
0.27550 3.26250 0.00164 0.01131 241.89475
0.10150 3.26250 0.00160 0.00641 233.30887
3.14650 3.17550 0.00237 0.02802 147.46137
0.30450 3.14650 0.00166 0.00700 204.55229
2.94350 3.29150 0.00238 0.02007 164.65472
3.95850 3.26250 0.00101 0.02492 198.26769
2.27650 3.32050 0.00293 0.04457 227.08207
3.23350 3.17550 0.00229 0.03004 153.86997
2.27650 3.20450 0.00312 0.03911 220.56157
3.34950 3.17550 0.00217 0.03602 164.80627
2.50850 3.08850 0.00296 0.06194 282.72145
2.33450 3.32050 0.00293 0.03470 218.67012
2.42150 3.20450 0.00301 0.02704 321.72734
3.26250 3.05950 0.00238 0.02794 169.54661
0.62350 3.26250 0.00169 0.03254 129.86418
1.40650 3.11750 0.00298 0.04341 355.14976
0.42050 3.26250 0.00165 0.03348 101.85693
3.37850 3.05950 0.00227 0.03157 173.96249
2.24750 3.08850 0.00336 0.03807 216.35821
2.79850 3.08850 0.00270 0.01832 28.67786
2.82750 3.08850 0.00270 0.01758 8.20846
0.82650 3.14650 0.00204 0.02095 52.13461
4.48050 3.26250 0.00101 0.00975 282.01270
2.82750 3.32050 0.00232 0.02683 55.46288
3.61050 3.29150 0.00151 0.02726 82.15817
1.72550 3.11750 0.00300 0.03450 354.11095
0.91350 3.26250 0.00195 0.02669 39.64890
2.56650 3.32050 0.00266 0.05301 280.77368
3.52350 3.05950 0.00216 0.03139 173.43201
4.59650 3.14650 0.00102 0.02130 84.20643
2.62450 3.32050 0.00253 0.06308 272.44418
3.72650 3.17550 0.00152 0.00520 22.12858
4.01650 3.29150 0.00101 0.02677 207.47443
1.20350 3.14650 0.00271 0.03683 200.78730
3.00150 3.20450 0.00246 0.02566 146.10557
2.07350 3.23350 0.00296 0.05107 224.19084
2.01550 3.11750 0.00319 0.05621 225.46850
1.05850 3.26250 0.00227 0.00757 47.62444
1.00050 3.14650 0.00251 0.00736 208.65394
2.04450 3.23350 0.00293 0.04787 220.67139
4.13250 3.17550 0.00101 0.01403 201.18706
3.98750 3.17550 0.00101 0.02028 200.22207
0.24650 3.17550 0.00166 0.00845 343.00197
3.08850 3.32050 0.00230 0.02796 141.76910
3.03050 3.32050 0.00233 0.02546 145.98531
1.49350 3.14650 0.00296 0.04285 346.76484
0.44950 3.29150 0.00165 0.03879 104.98565
2.45050 3.11750 0.00305 0.04342 296.48242
3.43650 3.08850 0.00221 0.03383 171.91062
4.39350 3.05950 0.00101 0.00492 42.28152
4.30650 3.05950 0.00101 0.00170 77.10626
2.50850 3.11750 0.00293 0.05901 283.64530
3.40750 3.32050 0.00163 0.06070 87.13854
2.24750 3.11750 0.00330 0.03979 219.18606
0.42050 3.29150 0.00165 0.03667 102.04237
1.52250 3.14650 0.00297 0.04253 344.60426
1.46450 3.26250 0.00261 0.02263 322.45148
0.53650 3.17550 0.00168 0.02278 122.94374
1.84150 3.14650 0.00297 0.03539 192.43398
1.87050 3.14650 0.00298 0.03766 199.67634
2.59550 3.23350 0.00264 0.06393 274.38702
2.82750 3.23350 0.00244 0.02137 42.51539
0.94250 3.29150 0.00197 0.02650 43.22632
0.91350 3.17550 0.00218 0.01536 48.98602
4.74150 3.05950 0.00101 0.07346 88.95483
3.52350 3.20450 0.00194 0.03263 7.30576
3.61050 3.20450 0.00184 0.02380 1.68539
2.85650 3.11750 0.00264 0.01828 176.95755
1.78350 3.26250 0.00284 0.03132 338.63678
3.72650 3.20450 0.00148 0.00606 35.05400
3.66850 3.20450 0.00174 0.01632 174.65619
1.08750 3.29150 0.00227 0.01521 71.71994
1.14550 3.29150 0.00231 0.01614 79.21902
3.00150 3.23350 0.00243 0.02528 146.86307
0.18850 3.32050 0.00163 0.00893 328.46397
0.07250 3.20450 0.00157 0.03585 269.44064
1.14550 3.17550 0.00257 0.02438 210.05681
2.16050 3.14650 0.00323 0.05346 228.73140
0.01450 3.20450 0.00151 0.07321 90.90789
0.01450 3.32050 0.00152 0.03029 90.66202
4.04550 3.32050 0.00101 0.02823 210.43467
3.92950 3.08850 0.00102 0.01749 190.37811
1.02950 3.17550 0.00245 0.00561 223.33867
3.98750 3.08850 0.00101 0.01561 195.45144
4.42250 3.08850 0.00101 0.00559 60.63666
2.30550 3.14650 0.00321 0.03094 206.28346
3.49450 3.23350 0.00186 0.03177 23.75742
3.23350 3.11750 0.00235 0.02817 159.51299
4.36450 3.32050 0.00101 0.00859 182.86907
3.26250 3.23350 0.00220 0.03292 155.11666
0.39150 3.20450 0.00165 0.02315 96.37299
2.30550 3.26250 0.00303 0.03725 220.18759
4.16150 3.08850 0.00101 0.00790 186.39626
0.42050 3.20450 0.00165 0.02595 101.24498
3.23350 3.23350 0.00224 0.03142 151.04459
2.50850 3.26250 0.00281 0.04329 290.48633
0.33350 3.20450 0.00165 0.01594 260.90404
0.88450 3.08850 0.00247 0.00589 325.23104
4.48050 3.20450 0.00101 0.00942 272.06930
2.76950 3.26250 0.00240 0.03544 69.20742
4.68350 3.32050 0.00100 0.04493 89.10722
4.56750 3.08850 0.00102 0.01541 77.02767
0.68150 3.08850 0.00186 0.01675 54.77254
4.65450 3.20450 0.00101 0.03478 87.79170
1.84150 3.29150 0.00280 0.02861 343.00918
4.74150 3.32050 0.00100 0.07290 89.38698
0.65250 3.20450 0.00171 0.02176 154.05898
4.71250 3.32050 0.00100 0.05561 89.14475
2.74050 3.14650 0.00258 0.03268 68.47533
2.85650 3.14650 0.00259 0.01795 2.68228
4.10350 3.23350 0.00101 0.01917 207.50095
0.13050 3.34950 0.00162 0.01140 304.63794
0.01450 3.11750 0.00150 0.10318 90.62197
0.07250 3.11750 0.00157 0.06089 90.67747
2.97250 3.14650 0.00255 0.02529 146.74346
0.30450 3.11750 0.00168 0.00713 358.71448
0.15950 3.23350 0.00163 0.00948 318.59233
1.14550 3.32050 0.00225 0.04083 74.63288
1.95750 3.29150 0.00279 0.03187 193.97957
1.08750 3.20450 0.00243 0.00955 225.25465
1.20350 3.20450 0.00256 0.02618 208.44453
1.08750 3.08850 0.00275 0.03142 196.92979
0.21750 3.23350 0.00165 0.00915 333.60289
2.36350 3.29150 0.00297 0.02790 205.59138
1.34850 3.20450 0.00271 0.03290 187.89614
2.42150 3.29150 0.00292 0.02232 344.64355
3.34950 3.14650 0.00221 0.03432 164.55453
2.33450 3.17550 0.00314 0.02745 197.00912
3.23350 3.14650 0.00232 0.02906 156.08955
4.42250 3.11750 0.00101 0.00526 74.66841
0.36250 3.34950 0.00164 0.03292 97.38189
1.31950 3.08850 0.00296 0.04433 182.70233
0.39150 3.11750 0.00167 0.01018 263.39870
2.30550 3.29150 0.00298 0.03890 222.56202
4.39350 3.11750 0.00101 0.00411 80.19391
3.37850 3.14650 0.00219 0.03558 166.54185
0.79750 3.34950 0.00174 0.02845 164.84026
2.68250 3.29150 0.00243 0.05818 85.00083
1.63850 3.08850 0.00304 0.03648 348.69623
4.50950 3.11750 0.00102 0.01037 73.94082
4.59650 3.23350 0.00101 0.02310 87.86605
1.66750 3.32050 0.00269 0.03383 331.57879
4.68350 3.23350 0.00101 0.04406 88.53053
1.78350 3.08850 0.00304 0.03648 191.55943
2.82750 3.29150 0.00236 0.02481 51.89207
2.76950 3.29150 0.00236 0.03790 70.93398
0.88450 3.23350 0.00195 0.02628 39.11607
3.58150 3.14650 0.00203 0.03086 172.90723
2.74050 3.29150 0.00237 0.04520 76.65859
1.95750 3.55250 0.00254 0.02663 347.61822
0.30450 3.37850 0.00163 0.02295 90.67404
0.04350 3.37850 0.00157 0.00166 195.70864
1.11650 3.58150 0.00199 0.08196 86.03293
1.17450 3.58150 0.00205 0.06852 87.54096
1.05850 3.46550 0.00195 0.11315 79.31969
0.04350 3.61050 0.00160 0.04027 271.63658
2.88550 3.52350 0.00214 0.03017 51.82358
1.14550 3.46550 0.00199 0.11970 76.54076
4.04550 3.49450 0.00100 0.04136 210.22254
3.11750 3.52350 0.00214 0.02321 136.41421
0.30450 3.61050 0.00163 0.01971 113.78248
1.26150 3.34950 0.00211 0.11680 68.22956
3.26250 3.52350 0.00192 0.01195 43.64414
0.36250 3.61050 0.00164 0.02863 112.53364
3.37850 3.40750 0.00134 0.14173 271.56465
1.49350 3.58150 0.00226 0.03737 321.91253
2.27650 3.43650 0.00275 0.04584 227.83813
4.36450 3.49450 0.00100 0.01560 201.51490
0.50750 3.61050 0.00166 0.04150 113.02454
3.34950 3.40750 0.00148 0.10817 88.55917
0.59450 3.61050 0.00168 0.04402 114.92332
4.39350 3.49450 0.00100 0.01311 192.37243
1.31950 3.46550 0.00217 0.07627 73.49430
0.44950 3.37850 0.00165 0.04539 105.34369
0.62350 3.61050 0.00168 0.04394 115.82440
0.68150 3.61050 0.00170 0.04224 118.36690
4.53850 3.49450 0.00100 0.01626 288.72466
2.85650 3.55250 0.00213 0.03834 62.03125
1.87050 3.46550 0.00263 0.02426 332.45265
2.82750 3.55250 0.00215 0.04403 68.31217
0.82650 3.49450 0.00173 0.02959 146.87385
3.55250 3.40750 0.00127 0.14068 273.79457
4.53850 3.37850 0.00100 0.01606 280.18361
3.69750 3.40750 0.00113 0.12881 271.88633
2.56650 3.43650 0.00262 0.03857 287.14314
4.71250 3.49450 0.00099 0.05619 89.84705
0.76850 3.49450 0.00172 0.04017 129.81836
1.69650 3.58150 0.00244 0.01903 328.75741
2.21850 3.58150 0.00255 0.04283 217.39161
3.03050 3.55250 0.00214 0.02092 164.27653
1.26150 3.37850 0.00204 0.14081 69.71827
0.24650 3.52350 0.00163 0.00987 96.57086
0.30450 3.40750 0.00163 0.02364 92.88540
3.05950 3.43650 0.00222 0.02395 145.34116
2.21850 3.34950 0.00285 0.04964 228.67510
3.14650 3.55250 0.00211 0.02231 132.18385
2.21850 3.46550 0.00267 0.04532 224.07927
1.08750 3.61050 0.00197 0.07809 89.16352
3.95850 3.52350 0.00100 0.04138 187.75020
1.14550 3.37850 0.00203 0.13327 75.29954
0.15950 3.52350 0.00163 0.01192 286.27559
4.42250 3.40750 0.00100 0.00884 343.77868
2.45050 3.58150 0.00263 0.02530 210.23362
0.42050 3.52350 0.00164 0.04140 108.06734
2.45050 3.46550 0.00273 0.02111 191.22478
2.33450 3.34950 0.00289 0.03628 221.24535
2.24750 3.34950 0.00287 0.04852 229.04516
3.37850 3.55250 0.00153 0.11502 86.82017
2.53750 3.58150 0.00259 0.01815 330.85034
4.16150 3.40750 0.00100 0.02823 216.31384
1.43550 3.37850 0.00211 0.16310 66.25758
0.42050 3.40750 0.00164 0.04348 104.04264
1.43550 3.49450 0.00227 0.04680 65.71309
3.23350 3.55250 0.00202 0.01344 130.83708
0.71050 3.40750 0.00171 0.04399 127.18506
1.81250 3.49450 0.00260 0.02213 327.77505
3.52350 3.55250 0.00142 0.12267 271.66299
2.85650 3.58150 0.00212 0.04065 62.94326
0.76850 3.52350 0.00172 0.04006 127.92265
0.65250 3.40750 0.00169 0.04952 119.62434
0.91350 3.40750 0.00179 0.02656 35.14399
4.74150 3.52350 0.00099 0.07266 89.73190
2.74050 3.58150 0.00226 0.05440 82.38378
2.56650 3.58150 0.00256 0.02189 308.11606
1.60950 3.49450 0.00228 0.06693 80.40960
2.68250 3.46550 0.00237 0.05860 88.00485
4.77050 3.52350 0.00004 0.00000 180.00000
3.98750 3.55250 0.00100 0.04471 194.48070
3.00150 3.34950 0.00231 0.02275 152.88307
1.98650 3.61050 0.00248 0.03005 357.50134
2.94350 3.46550 0.00219 0.01976 15.52722
1.20350 3.52350 0.00207 0.08354 80.79702
2.94350 3.34950 0.00231 0.01906 173.91546
2.88550 3.58150 0.00211 0.03492 55.45429
2.94350 3.58150 0.00211 0.02551 34.15107
4.01650 3.55250 0.00100 0.04503 202.76082
4.13250 3.43650 0.00100 0.03280 217.09352
3.00150 3.46550 0.00220 0.02034 163.84569
2.21850 3.49450 0.00264 0.04430 222.46596
3.87150 3.55250 0.00100 0.04079 317.60346
3.23350 3.58150 0.00202 0.01484 127.24836
2.30550 3.49450 0.00269 0.04366 226.70760
3.46550 3.58150 0.00150 0.11581 89.76747
0.47850 3.55250 0.00165 0.04553 110.73574
4.16150 3.55250 0.00100 0.03784 219.81139
3.40750 3.58150 0.00156 0.11225 88.12639
2.50850 3.49450 0.00266 0.01973 328.53327
4.30650 3.43650 0.00100 0.01812 209.33709
2.53750 3.49450 0.00264 0.02427 307.09651
3.23350 3.46550 0.00204 0.01356 146.57942
2.50850 3.61050 0.00258 0.01842 185.13812
0.53650 3.43650 0.00167 0.05280 110.66274
2.27650 3.37850 0.00284 0.04576 228.11795
3.78450 3.46550 0.00105 0.10523 273.27406
2.65350 3.37850 0.00244 0.06147 89.95340
0.85550 3.43650 0.00175 0.02545 172.95875
2.71150 3.49450 0.00230 0.05777 84.86573
3.78450 3.58150 0.00102 0.11203 275.77879
1.81250 3.52350 0.00258 0.02199 329.41160
1.89950 3.52350 0.00258 0.02502 336.96977
3.63950 3.46550 0.00118 0.13365 274.70810
0.79750 3.55250 0.00173 0.03487 131.86142
0.94250 3.55250 0.00183 0.05814 78.49100
3.52350 3.34950 0.00132 0.11155 277.93034
1.87050 3.40750 0.00268 0.02527 334.46939
1.89950 3.40750 0.00268 0.02512 338.95266
3.87150 3.58150 0.00100 0.04566 315.38155
3.00150 3.37850 0.00228 0.02204 155.23757
0.13050 3.58150 0.00162 0.01928 275.80522
1.14550 3.43650 0.00198 0.13116 75.08856
2.04450 3.52350 0.00256 0.02963 188.20666
1.23250 3.43650 0.00207 0.11083 74.47783
3.14650 3.49450 0.00214 0.02312 132.51045
3.84250 3.34950 0.00103 0.04312 294.54404
2.97250 3.37850 0.00228 0.02021 164.38178
2.18950 3.40750 0.00274 0.04701 225.08618
1.92850 3.40750 0.00267 0.02535 346.19397
2.97250 3.49450 0.00217 0.01966 2.97449
3.98750 3.58150 0.00100 0.04613 193.70490
3.32050 3.61050 0.00184 0.03414 71.31031
3.20450 3.49450 0.00207 0.01758 132.30219
2.53750 3.52350 0.00262 0.02172 313.75018
2.24750 3.40750 0.00277 0.04780 228.24800
4.16150 3.58150 0.00099 0.03913 219.87868
4.42250 3.58150 0.00100 0.01405 184.32677
4.45150 3.58150 0.00100 0.01251 348.47454
3.32050 3.37850 0.00172 0.05720 84.92527
0.47850 3.58150 0.00165 0.04277 111.55016
4.19050 3.34950 0.00101 0.02194 213.05999
4.30650 3.34950 0.00101 0.01370 203.57192
4.27750 3.58150 0.00100 0.02814 216.57672
3.34950 3.49450 0.00151 0.11581 86.67857
4.77050 3.34950 0.00004 0.00000 180.00000
4.68350 3.46550 0.00100 0.04578 270.23779
2.59550 3.40750 0.00257 0.05012 278.96431
0.85550 3.58150 0.00174 0.02221 155.63932
3.58150 3.61050 0.00141 0.11997 272.43167
0.94250 3.58150 0.00182 0.06055 79.82210
0.79750 3.58150 0.00172 0.03303 131.20714
1.69650 3.55250 0.00244 0.01860 307.76960
4.50950 3.34950 0.00101 0.01261 284.32272
0.71050 3.46550 0.00171 0.04736 123.06596
4.65450 3.34950 0.00100 0.03661 89.62440
4.74150 3.34950 0.00100 0.07282 89.41778
2.79850 3.52350 0.00218 0.04812 72.89815
1.05850 3.81350 0.00224 0.15295 280.93745
2.04450 3.78450 0.00236 0.04489 196.65890
4.01650 3.61050 0.00099 0.04752 201.04011
0.21750 3.84250 0.00162 0.02048 85.46400
0.97150 3.81350 0.00189 0.16010 277.35318
1.05850 3.69750 0.00204 0.10834 275.87004
1.14550 3.81350 0.00229 0.14159 284.34441
4.10350 3.61050 0.00099 0.04489 217.31410
0.01450 3.72650 0.00157 0.06878 270.20826
4.04550 3.84250 0.00098 0.03411 209.41358
3.84250 3.84250 0.00116 0.11250 71.72449
3.17550 3.87150 0.00201 0.03277 11.12131
4.04550 3.61050 0.00099 0.04721 207.81903
4.19050 3.72650 0.00098 0.03887 215.36634
3.29150 3.75550 0.00197 0.00920 11.98167
2.50850 3.78450 0.00245 0.02624 207.83483
0.47850 3.84250 0.00165 0.00917 282.02058
1.43550 3.81350 0.00229 0.04245 196.49238
0.59450 3.72650 0.00168 0.02319 118.67552
4.39350 3.61050 0.00100 0.01766 197.29596
1.49350 3.81350 0.00230 0.04395 200.02655
3.46550 3.63950 0.00155 0.10945 88.88491
3.32050 3.87150 0.00197 0.01949 171.14657
3.49450 3.63950 0.00152 0.11124 89.72702
3.34950 3.75550 0.00176 0.08373 88.52857
0.53650 3.72650 0.00166 0.02291 117.00131
3.61050 3.63950 0.00139 0.11575 272.56502
4.50950 3.61050 0.00099 0.01426 312.98198
1.69650 3.69750 0.00240 0.03288 356.72255
2.65350 3.66850 0.00242 0.03107 282.68083
2.68250 3.66850 0.00237 0.03768 274.79521
2.71150 3.78450 0.00233 0.02810 277.36021
2.76950 3.78450 0.00225 0.03883 81.93249
2.56650 3.78450 0.00244 0.01929 189.97013
3.55250 3.87150 0.00171 0.03581 57.02443
4.59650 3.72650 0.00099 0.02799 286.84237
0.65250 3.84250 0.00169 0.00931 275.36157
0.73950 3.72650 0.00171 0.01969 129.26893
0.79750 3.72650 0.00172 0.01581 141.73080
3.17550 3.66850 0.00206 0.02201 136.25177
4.07450 3.63950 0.00099 0.04616 212.13038
3.92950 3.75550 0.00102 0.04523 312.74232
3.87150 3.63950 0.00100 0.05636 310.12710
1.11650 3.84250 0.00225 0.09210 292.41025
3.98750 3.63950 0.00100 0.04858 189.99363
0.13050 3.63950 0.00163 0.02109 271.19519
0.15950 3.63950 0.00163 0.01392 87.28152
4.10350 3.63950 0.00099 0.04513 216.96638
1.92850 3.69750 0.00241 0.03524 181.62590
1.23250 3.72650 0.00224 0.07516 287.81059
1.00050 3.84250 0.00207 0.12791 281.40832
0.04350 3.75550 0.00161 0.05050 270.43113
2.36350 3.81350 0.00242 0.04150 213.42205
0.39150 3.75550 0.00164 0.01149 126.89981
4.39350 3.75550 0.00099 0.02332 186.37546
2.24750 3.69750 0.00247 0.04459 214.20678
0.62350 3.87150 0.00169 0.01774 287.01485
1.43550 3.84250 0.00227 0.04248 200.31611
3.20450 3.66850 0.00204 0.02065 130.93535
0.62350 3.75550 0.00168 0.01618 122.81607
2.42150 3.81350 0.00243 0.03674 213.61222
1.58050 3.72650 0.00235 0.04858 187.85654
4.19050 3.63950 0.00099 0.03850 220.02661
4.21950 3.63950 0.00099 0.03597 218.94089
3.49450 3.78450 0.00161 0.11812 271.47962
0.91350 3.87150 0.00182 0.09693 284.28141
2.85650 3.69750 0.00212 0.04658 65.32193
0.71050 3.75550 0.00170 0.01463 132.00759
4.48050 3.87150 0.00098 0.02955 323.19991
0.82650 3.87150 0.00175 0.03342 277.18455
2.82750 3.69750 0.00215 0.04974 70.41747
0.88450 3.63950 0.00176 0.01716 24.65391
4.71250 3.63950 0.00099 0.05680 270.77681
0.71050 3.87150 0.00171 0.01925 279.78038
4.53850 3.87150 0.00098 0.03142 307.16166
2.56650 3.81350 0.00242 0.02084 194.08293
1.72550 3.72650 0.00239 0.03560 358.34228
2.76950 3.69750 0.00223 0.04763 79.82965
4.04550 3.66850 0.00099 0.04752 207.48171
1.02950 3.75550 0.00206 0.13854 276.07849
1.98650 3.72650 0.00239 0.03910 189.10822
0.01450 3.90050 0.00157 0.07939 271.51579
3.87150 3.66850 0.00100 0.06177 307.44870
1.05850 3.63950 0.00197 0.08965 271.27189
4.10350 3.78450 0.00098 0.04027 211.38100
1.95750 3.84250 0.00233 0.04613 194.20494
0.27550 3.90050 0.00162 0.03641 276.33845
3.17550 3.69750 0.00205 0.02235 141.96086
0.97150 3.75550 0.00184 0.13466 271.59149
0.07250 3.78450 0.00162 0.04114 270.12534
2.04450 3.84250 0.00234 0.04776 197.71040
0.62350 3.90050 0.00168 0.02756 289.30280
4.21950 3.78450 0.00098 0.03632 205.97948
4.39350 3.78450 0.00098 0.02473 181.36724
3.49450 3.69750 0.00157 0.10488 88.79809
4.36450 3.66850 0.00099 0.02264 202.71333
4.16150 3.78450 0.00098 0.03877 209.07757
1.46450 3.75550 0.00231 0.04505 200.41016
0.56550 3.66850 0.00167 0.03475 115.68024
2.36350 3.72650 0.00249 0.03986 218.72715
0.39150 3.90050 0.00164 0.03188 282.26172
3.32050 3.69750 0.00191 0.02885 75.40503
2.24750 3.84250 0.00238 0.04782 207.36345
1.43550 3.63950 0.00230 0.03084 182.63883
4.59650 3.78450 0.00099 0.03038 289.37727
0.82650 3.66850 0.00173 0.02011 143.39227
0.71050 3.66850 0.00170 0.03207 121.38045
4.50950 3.66850 0.00099 0.01578 317.51631
0.65250 3.90050 0.00169 0.02783 288.08984
0.68150 3.66850 0.00170 0.03339 119.71296
1.60950 3.63950 0.00234 0.04188 336.75291
2.56650 3.84250 0.00240 0.02251 196.80895
0.85550 3.90050 0.00177 0.05357 282.83508
2.76950 3.84250 0.00226 0.03138 85.17419
3.52350 3.81350 0.00159 0.12076 272.27335
1.84150 3.63950 0.00247 0.02851 346.59261
1.75450 3.75550 0.00237 0.03880 181.31437
3.92950 3.69750 0.00100 0.05082 334.63505
1.26150 3.66850 0.00221 0.05279 287.42589
2.13150 3.87150 0.00234 0.04983 201.43627
0.18850 3.69750 0.00163 0.00960 67.20109
2.88550 3.72650 0.00209 0.04484 60.16479
1.92850 3.63950 0.00246 0.03052 353.88783
3.00150 3.84250 0.00205 0.04321 41.98918
4.01650 3.81350 0.00099 0.03297 207.04697
2.10250 3.75550 0.00239 0.04444 200.19239
2.07350 3.75550 0.00238 0.04369 197.69671
2.21850 3.87150 0.00236 0.04906 204.80451
2.01550 3.75550 0.00237 0.04219 193.26541
2.18950 3.87150 0.00235 0.04963 203.70342
4.24850 3.81350 0.00098 0.03467 198.48199
2.30550 3.75550 0.00245 0.04392 214.90225
3.46550 3.84250 0.00172 0.08387 86.90391
3.20450 3.72650 0.00203 0.02141 141.62027
2.45050 3.75550 0.00248 0.03182 215.12329
3.23350 3.84250 0.00201 0.02490 169.37610
1.43550 3.90050 0.00224 0.04152 186.91621
1.40650 3.66850 0.00231 0.01925 346.81573
4.21950 3.69750 0.00099 0.03688 216.15529
3.29150 3.72650 0.00196 0.00889 22.49587
2.39250 3.87150 0.00239 0.04085 209.74662
4.36450 3.69750 0.00099 0.02361 200.19250
2.27650 3.63950 0.00253 0.04349 219.37376
4.74150 3.69750 0.00098 0.07350 270.38976
2.82750 3.63950 0.00214 0.04767 69.76327
1.63850 3.90050 0.00226 0.04271 183.50353
2.85650 3.87150 0.00216 0.04150 67.45766
2.76950 3.75550 0.00224 0.04240 80.96203
1.84150 3.78450 0.00235 0.04119 186.03449
1.69650 3.66850 0.00242 0.02863 353.98471
0.76850 3.69750 0.00172 0.02286 129.74782
1.75450 3.78450 0.00235 0.04104 184.15027
1.78350 3.78450 0.00235 0.04093 184.48461
2.65350 3.63950 0.00242 0.03498 279.86090
4.65450 3.81350 0.00098 0.04266 279.33427
3.52350 3.72650 0.00157 0.10350 89.20835
2.18950 3.90050 0.00234 0.05004 202.62427
2.21850 3.90050 0.00235 0.04946 203.39787
2.10250 4.13250 0.00235 0.04993 277.66593
0.24650 4.07450 0.00157 0.13019 271.64613
2.01550 3.90050 0.00232 0.04872 197.69852
3.00150 4.10350 0.00217 0.05498 59.95135
0.04350 4.07450 0.00155 0.09923 89.02996
0.07250 4.07450 0.00156 0.10184 88.90846
3.00150 3.98750 0.00209 0.04928 49.93092
2.91450 3.98750 0.00216 0.03967 61.00571
1.17450 4.04550 0.00202 0.03932 278.24757
3.92950 3.95850 0.00102 0.01800 271.97384
3.11750 3.98750 0.00204 0.05278 38.79373
1.31950 4.16150 0.00177 0.14577 44.59976
0.42050 4.07450 0.00161 0.10799 277.85023
4.16150 3.95850 0.00097 0.03689 344.73943
1.49350 4.04550 0.00208 0.05914 87.25710
3.34950 3.98750 0.00196 0.03932 22.94604
3.26250 3.98750 0.00199 0.04569 26.95199
3.46550 3.98750 0.00186 0.03671 32.65552
4.45150 3.95850 0.00097 0.04321 318.71553
3.23350 4.10350 0.00203 0.07436 46.77102
1.29050 4.04550 0.00204 0.04108 274.71963
0.53650 4.07450 0.00164 0.10002 283.32908
1.58050 3.92950 0.00222 0.04581 340.74242
1.43550 3.92950 0.00221 0.03968 354.92455
0.68150 4.07450 0.00167 0.09528 287.69519
0.65250 4.07450 0.00166 0.09641 287.11933
4.59650 4.07450 0.00097 0.07212 295.44934
2.65350 4.01650 0.00233 0.01917 341.31931
3.63950 3.98750 0.00141 0.06733 65.44477
1.60950 3.92950 0.00222 0.04600 340.22972
1.72550 4.16150 0.00191 0.14829 65.70090
3.66850 3.98750 0.00138 0.06611 68.27424
1.69650 4.04550 0.00209 0.10651 88.75183
0.82650 3.95850 0.00176 0.05993 285.76155
4.65450 3.95850 0.00098 0.05505 284.64715
2.82750 4.01650 0.00224 0.02408 81.93047
2.59550 4.13250 0.00237 0.05447 86.63230
2.97250 3.90050 0.00207 0.04823 50.03014
0.07250 4.10350 0.00154 0.12155 82.72121
0.04350 3.98750 0.00159 0.07029 274.53687
2.21850 4.16150 0.00232 0.09182 82.23877
3.08850 4.01650 0.00206 0.05638 44.23821
3.08850 4.13250 0.00214 0.07134 56.94482
1.11650 3.95850 0.00215 0.03376 336.96631
3.03050 3.90050 0.00204 0.04749 41.56841
0.27550 4.10350 0.00156 0.14910 88.94699
2.97250 4.01650 0.00213 0.04641 54.79961
2.01550 4.04550 0.00234 0.03350 180.85510
2.88550 4.13250 0.00227 0.05377 76.93031
2.97250 4.13250 0.00221 0.05954 67.28538
2.50850 4.16150 0.00233 0.09383 76.57101
0.50750 3.98750 0.00165 0.06239 285.66029
2.45050 4.04550 0.00236 0.02874 350.08210
1.34850 4.07450 0.00199 0.05952 69.39100
1.37750 3.95850 0.00219 0.03737 342.70451
0.56550 3.98750 0.00166 0.06105 287.68996
1.55150 4.07450 0.00202 0.08039 69.38056
4.19050 3.98750 0.00096 0.04290 332.89145
4.24850 3.98750 0.00097 0.04708 329.90037
0.44950 4.10350 0.00161 0.11991 278.03009
4.16150 3.98750 0.00096 0.03947 334.56474
3.29150 4.13250 0.00201 0.08625 51.00507
2.27650 4.16150 0.00232 0.09219 80.12487
1.66750 3.95850 0.00220 0.04986 321.87505
4.62550 4.10350 0.00097 0.08252 292.49381
0.85550 3.98750 0.00176 0.07382 285.01141
0.82650 4.10350 0.00170 0.09739 285.18495
4.56750 4.10350 0.00097 0.07882 298.17767
1.87050 3.95850 0.00231 0.04198 195.19167
0.85550 4.10350 0.00171 0.09641 282.82534
2.62450 4.04550 0.00234 0.02166 332.26364
2.71150 4.16150 0.00234 0.09294 78.27899
4.53850 4.10350 0.00097 0.07917 300.21528
2.74050 4.04550 0.00231 0.01887 297.35267
1.81250 3.95850 0.00230 0.03950 190.54748
2.71150 4.04550 0.00232 0.01882 308.59325
0.07250 4.13250 0.00152 0.15083 77.10532
0.21750 4.01650 0.00159 0.09286 275.84689
3.14650 4.16150 0.00217 0.09751 61.81864
2.88550 4.16150 0.00231 0.08906 77.53679
4.04550 4.01650 0.00096 0.02728 329.31721
0.01450 4.13250 0.00150 0.14461 83.68344
4.01650 4.13250 0.00096 0.06759 289.60649
3.14650 4.04550 0.00204 0.06032 42.92415
2.97250 4.16150 0.00227 0.08944 72.75221
0.97150 4.10350 0.00179 0.11137 81.67783
3.08850 4.16150 0.00220 0.09332 65.03875
1.14550 4.10350 0.00188 0.08876 62.11548
3.00150 4.16150 0.00225 0.08957 70.86512
2.39250 3.95850 0.00235 0.04138 201.46200
0.42050 4.01650 0.00163 0.08009 280.31380
2.30550 3.95850 0.00235 0.04602 201.06164
0.44950 4.01650 0.00163 0.07799 281.52316
2.33450 3.95850 0.00235 0.04462 201.30303
3.46550 4.16150 0.00184 0.11630 76.26129
2.27650 4.07450 0.00236 0.02719 327.34455
4.33550 4.01650 0.00097 0.05613 319.62457
4.16150 4.01650 0.00096 0.04379 325.17411
4.27750 4.01650 0.00096 0.05395 321.65368
2.33450 4.07450 0.00236 0.02676 324.01671
4.45150 4.01650 0.00097 0.05587 312.14882
4.19050 3.90050 0.00097 0.03618 180.63343
3.66850 4.16150 0.00104 0.08784 293.38101
1.89950 4.10350 0.00233 0.03225 309.58945
3.66850 3.92950 0.00149 0.05710 52.95148
4.50950 4.13250 0.00096 0.08959 300.88479
4.48050 4.01650 0.00097 0.05549 309.42745
2.59550 3.95850 0.00234 0.02406 189.54453
3.61050 4.04550 0.00132 0.07164 81.45025
1.60950 4.10350 0.00195 0.10546 58.67474
0.94250 4.13250 0.00174 0.10813 87.06853
3.61050 3.92950 0.00157 0.04975 48.21055
4.77050 4.13250 0.00004 0.00000 180.00000
0.65250 4.01650 0.00168 0.07131 288.74745
4.53850 4.01650 0.00097 0.05580 302.76731
2.01550 4.10350 0.00234 0.03276 304.42745
2.18950 4.10350 0.00236 0.03261 294.71009
1.17450 4.01650 0.00208 0.03228 305.66975
3.08850 4.07450 0.00209 0.06125 49.58843
4.04550 4.16150 0.00095 0.10256 283.31538
1.95750 3.98750 0.00232 0.04215 195.05839
0.01450 4.04550 0.00155 0.09672 271.26777
0.21750 3.92950 0.00161 0.04838 276.50367
0.10150 3.92950 0.00161 0.04886 275.10738
3.98750 4.16150 0.00095 0.09992 282.50766
1.92850 3.98750 0.00232 0.04099 194.76846
3.00150 3.95850 0.00208 0.04988 48.69845
0.30450 3.92950 0.00162 0.04739 278.56783
0.33350 4.16150 0.00153 0.18052 85.32598
4.16150 4.16150 0.00095 0.10856 285.29076
0.50750 4.04550 0.00164 0.08775 283.10816
4.27750 3.92950 0.00097 0.03974 343.48028
0.42050 4.16150 0.00158 0.16039 275.41307
4.30650 4.16150 0.00095 0.11678 289.29607
4.19050 4.04550 0.00096 0.05314 316.38008
4.21950 3.92950 0.00097 0.03812 348.76081
3.49450 3.95850 0.00183 0.03273 28.35056
3.32050 4.07450 0.00197 0.06500 41.68844
0.59450 4.16150 0.00160 0.15404 282.85801
0.62350 4.16150 0.00161 0.15306 283.55776
3.26250 3.95850 0.00199 0.03939 20.11855
1.78350 4.13250 0.00215 0.11072 80.47047
0.68150 4.16150 0.00162 0.15004 284.81334
0.85550 4.04550 0.00174 0.08197 283.64634
3.75550 4.07450 0.00112 0.06138 287.65861
0.68150 3.92950 0.00170 0.03797 288.71174
1.60950 4.13250 0.00190 0.12061 48.04810
4.53850 4.16150 0.00096 0.10780 295.19349
4.74150 3.92950 0.00097 0.08337 273.02543
4.62550 4.04550 0.00097 0.06737 291.69876
0.73950 3.92950 0.00172 0.03873 286.28269
3.75550 3.95850 0.00134 0.06160 70.90617
0.71050 3.92950 0.00171 0.03815 287.60849
1.89950 4.13250 0.00232 0.04805 290.10943
