0.13050 0.24650 0.00206 0.04798 276.64217
2.04450 0.07250 0.00401 0.02768 299.56519
2.88550 0.04350 0.00376 0.05664 68.36765
3.05950 0.04350 0.00361 0.07048 56.24680
3.03050 0.04350 0.00364 0.06804 57.78843
3.17550 0.04350 0.00351 0.07828 52.93393
1.00050 0.21750 0.00288 0.10325 279.70226
3.05950 0.15950 0.00367 0.05460 42.88495
0.30450 0.01450 0.00186 0.17782 79.64241
0.15950 0.01450 0.00181 0.18518 69.76735
0.13050 0.13050 0.00197 0.09696 272.09223
0.27550 0.24650 0.00207 0.04789 278.93717
3.14650 0.15950 0.00362 0.05475 39.09944
4.19050 0.24650 0.00136 0.04387 184.53695
0.62350 0.01450 0.00206 0.14373 280.86430
3.26250 0.15950 0.00353 0.04802 38.22559
1.40650 0.21750 0.00292 0.02580 318.15805
0.50750 0.01450 0.00202 0.14785 278.62006
4.24850 0.24650 0.00136 0.04309 182.71366
2.47950 0.18850 0.00413 0.02490 195.70518
2.30550 0.07250 0.00400 0.02605 288.83133
4.27750 0.24650 0.00136 0.04211 181.67388
3.34950 0.15950 0.00339 0.04431 46.27100
1.46450 0.10150 0.00276 0.05322 21.42555
2.53750 0.18850 0.00410 0.01991 186.86449
4.42250 0.01450 0.00135 0.10592 298.53707
1.63850 0.10150 0.00287 0.10685 69.00022
2.56650 0.07250 0.00395 0.03020 275.28203
0.65250 0.01450 0.00208 0.14212 281.23956
4.50950 0.13050 0.00134 0.05275 312.43371
1.78350 0.10150 0.00381 0.02312 293.07168
3.61050 0.04350 0.00168 0.05946 300.32580
4.48050 0.24650 0.00134 0.03023 337.06521
1.75450 0.21750 0.00389 0.02219 333.23861
3.81350 0.04350 0.00149 0.05082 298.19385
1.66750 0.21750 0.00333 0.06329 274.56742
0.73950 0.13050 0.00222 0.07106 283.72530
3.72650 0.15950 0.00180 0.06313 288.83389
2.65350 0.07250 0.00392 0.03204 270.10730
3.95850 0.04350 0.00143 0.06379 297.29211
1.20350 0.13050 0.00290 0.03580 42.14664
0.15950 0.15950 0.00200 0.08690 274.70615
0.97150 0.24650 0.00272 0.13468 277.95562
3.14650 0.18850 0.00364 0.05039 35.30503
1.11650 0.01450 0.00246 0.13667 50.81442
3.08850 0.18850 0.00368 0.05265 38.39130
3.98750 0.04350 0.00143 0.06715 297.91590
3.05950 0.18850 0.00369 0.05343 40.43031
4.07450 0.04350 0.00141 0.07519 299.30255
0.13050 0.27550 0.00207 0.03810 276.26878
2.18950 0.21750 0.00425 0.04202 204.28370
1.14550 0.01450 0.00247 0.14181 47.00605
0.53650 0.27550 0.00216 0.02254 298.48670
3.43650 0.18850 0.00302 0.04799 63.03447
4.39350 0.15950 0.00135 0.04924 328.40165
3.32050 0.07250 0.00338 0.06988 53.78275
3.37850 0.18850 0.00332 0.03834 47.14534
1.43550 0.24650 0.00296 0.04835 311.25170
3.46550 0.18850 0.00280 0.05589 67.30758
1.46450 0.13050 0.00279 0.03625 27.92932
1.29050 0.24650 0.00302 0.04044 342.90040
2.24750 0.21750 0.00425 0.04042 205.74732
4.33550 0.15950 0.00136 0.05129 331.49118
1.46450 0.01450 0.00253 0.13236 30.15455
2.53750 0.10150 0.00399 0.01962 304.03024
1.69650 0.01450 0.00326 0.10876 82.29605
0.82650 0.04350 0.00222 0.10459 280.59442
0.76850 0.15950 0.00226 0.05653 282.95207
0.85550 0.27550 0.00234 0.02691 82.61357
2.79850 0.10150 0.00385 0.03175 73.73980
4.77050 0.15950 0.00004 0.00000 180.00000
4.59650 0.15950 0.00133 0.04779 300.40659
4.71250 0.15950 0.00131 0.07530 279.90264
1.87050 0.13050 0.00403 0.02336 353.68418
4.48050 0.04350 0.00134 0.08260 305.46994
3.75550 0.18850 0.00180 0.06698 281.19083
2.85650 0.21750 0.00385 0.04003 57.14353
3.81350 0.18850 0.00160 0.03305 286.59794
3.90050 0.07250 0.00145 0.04146 305.15052
3.00150 0.21750 0.00375 0.05069 42.01746
4.04550 0.07250 0.00141 0.05853 306.54488
1.00050 0.15950 0.00274 0.10172 89.19450
0.07250 0.07250 0.00190 0.11928 82.99355
0.13050 0.07250 0.00190 0.13132 82.66284
0.01450 0.18850 0.00195 0.08439 272.33620
0.27550 0.07250 0.00194 0.14596 88.34717
1.08750 0.15950 0.00295 0.04868 86.49047
2.18950 0.13050 0.00411 0.03037 183.62458
2.01550 0.01450 0.00382 0.07585 87.96753
4.01650 0.18850 0.00139 0.03325 352.37917
0.24650 0.07250 0.00193 0.14549 86.95844
3.40750 0.21750 0.00322 0.03438 50.78328
1.52250 0.15950 0.00278 0.04254 69.02148
1.43550 0.04350 0.00268 0.10357 24.68203
1.49350 0.27550 0.00303 0.07438 301.65999
4.16150 0.18850 0.00137 0.04605 345.62880
0.44950 0.18850 0.00211 0.06231 281.75178
0.47850 0.18850 0.00212 0.05994 283.07414
1.34850 0.27550 0.00305 0.06319 330.47331
3.40750 0.10150 0.00313 0.06594 66.14426
2.33450 0.13050 0.00409 0.02591 181.37130
1.58050 0.15950 0.00282 0.07584 75.64675
1.55150 0.15950 0.00278 0.05801 73.45495
2.53750 0.13050 0.00403 0.01732 336.38009
0.76850 0.07250 0.00221 0.09633 282.46365
4.53850 0.07250 0.00134 0.06999 304.47564
2.62450 0.24650 0.00410 0.01332 326.35765
2.71150 0.24650 0.00401 0.02042 88.37224
1.72550 0.04350 0.00342 0.07717 84.78809
1.63850 0.27550 0.00342 0.05394 295.14459
2.74050 0.24650 0.00398 0.02502 78.28589
2.59550 0.24650 0.00412 0.01458 345.09643
0.73950 0.18850 0.00224 0.04644 283.71310
1.66750 0.27550 0.00358 0.04032 305.07351
4.50950 0.07250 0.00134 0.07024 307.03793
1.66750 0.04350 0.00295 0.12004 71.17714
2.71150 0.01450 0.00380 0.08017 75.89269
2.94350 0.01450 0.00369 0.08346 69.08078
4.10350 0.21750 0.00138 0.04138 358.28275
1.11650 0.18850 0.00301 0.03099 288.37648
3.11750 0.13050 0.00361 0.05845 43.34323
0.04350 0.21750 0.00203 0.06443 274.57605
1.98650 0.04350 0.00395 0.04301 278.42209
0.97150 0.07250 0.00246 0.10267 78.18664
2.88550 0.13050 0.00379 0.04018 58.85772
0.04350 0.10150 0.00193 0.09883 88.39389
1.98650 0.27550 0.00430 0.04085 198.61681
2.01550 0.27550 0.00431 0.04164 200.18884
4.13250 0.21750 0.00137 0.04285 357.07015
1.95750 0.04350 0.00394 0.04282 279.35453
1.58050 0.18850 0.00287 0.08064 86.03233
2.53750 0.15950 0.00406 0.01875 358.28836
1.29050 0.18850 0.00295 0.00622 185.06942
0.42050 0.10150 0.00205 0.10677 275.55735
0.50750 0.10150 0.00209 0.09794 279.46713
3.26250 0.13050 0.00350 0.05478 42.68456
1.58050 0.07250 0.00268 0.09622 51.37553
2.50850 0.04350 0.00393 0.04647 82.19596
0.53650 0.21750 0.00215 0.04432 288.36136
4.42250 0.10150 0.00135 0.06391 314.87321
2.39250 0.04350 0.00395 0.04432 83.91250
2.36350 0.04350 0.00395 0.04386 84.62345
3.20450 0.13050 0.00355 0.05707 41.71858
0.79750 0.21750 0.00229 0.03449 277.09411
4.74150 0.21750 0.00129 0.08220 273.76678
3.58150 0.13050 0.00189 0.05319 286.70440
2.65350 0.15950 0.00400 0.01343 310.13868
4.62550 0.10150 0.00132 0.06602 294.87272
2.82750 0.27550 0.00391 0.04234 59.57699
0.94250 0.10150 0.00243 0.09392 84.33554
0.65250 0.10150 0.00216 0.09047 283.05775
0.65250 0.21750 0.00221 0.03858 288.70266
0.76850 0.21750 0.00227 0.03425 280.49635
3.58150 0.24650 0.00228 0.05274 64.86826
1.75450 0.07250 0.00362 0.04558 270.17598
3.66850 0.13050 0.00181 0.05775 295.07862
3.03050 0.50750 0.00420 0.02566 172.38470
0.21750 0.47850 0.00210 0.00097 296.82787
1.95750 0.30450 0.00434 0.03915 197.25013
0.30450 0.47850 0.00210 0.01189 97.73478
3.95850 0.36250 0.00138 0.03364 211.22370
0.30450 0.36250 0.00210 0.00737 291.23843
4.13250 0.47850 0.00135 0.04186 217.14636
0.04350 0.47850 0.00207 0.04782 272.86480
4.07450 0.36250 0.00136 0.04282 211.44796
0.01450 0.36250 0.00199 0.07272 271.62330
3.05950 0.39150 0.00397 0.03229 11.88409
0.97150 0.44950 0.00256 0.11398 89.30627
3.84250 0.36250 0.00155 0.05517 277.82316
4.19050 0.47850 0.00135 0.04159 217.44848
2.47950 0.53650 0.00454 0.02036 320.97985
0.33350 0.47850 0.00210 0.01478 96.75965
0.62350 0.47850 0.00218 0.03250 99.42174
0.36250 0.36250 0.00211 0.00501 319.21248
0.39150 0.36250 0.00212 0.00450 342.00795
2.24750 0.42050 0.00462 0.03958 218.67111
2.39250 0.30450 0.00435 0.03219 210.77146
0.36250 0.47850 0.00210 0.01760 96.88674
4.33550 0.36250 0.00134 0.03626 207.13742
0.59450 0.47850 0.00216 0.03199 98.32262
3.46550 0.50750 0.00283 0.11236 81.54538
3.23350 0.27550 0.00368 0.02888 13.98812
2.68250 0.42050 0.00417 0.04105 81.01722
1.75450 0.44950 0.00446 0.02752 359.16727
4.65450 0.47850 0.00132 0.03561 275.47847
3.63950 0.27550 0.00231 0.05669 57.96676
2.76950 0.30450 0.00399 0.03821 68.52435
3.55250 0.50750 0.00259 0.11428 81.87557
2.56650 0.42050 0.00432 0.02020 301.99035
3.78450 0.27550 0.00190 0.09629 85.24624
4.59650 0.36250 0.00133 0.02317 297.83685
3.78450 0.50750 0.00171 0.10764 270.03194
0.73950 0.47850 0.00222 0.02971 107.99591
1.63850 0.44950 0.00428 0.03084 358.81077
4.50950 0.47850 0.00134 0.01340 344.14858
3.92950 0.39150 0.00140 0.02994 206.59073
2.94350 0.42050 0.00406 0.03814 33.10259
0.07250 0.39150 0.00209 0.03791 274.15992
4.10350 0.39150 0.00135 0.04418 213.82316
2.16050 0.33350 0.00446 0.04207 210.95441
0.10150 0.39150 0.00209 0.02885 274.87083
1.26150 0.36250 0.00348 0.08790 329.30676
3.84250 0.27550 0.00158 0.03852 273.60232
1.02950 0.36250 0.00335 0.19485 279.83696
0.01450 0.50750 0.00196 0.06853 271.12035
2.88550 0.30450 0.00390 0.04784 50.56398
1.05850 0.47850 0.00301 0.08820 288.31169
2.13150 0.33350 0.00446 0.04219 209.42655
2.45050 0.33350 0.00435 0.02583 204.49168
1.31950 0.47850 0.00372 0.05119 319.57960
4.39350 0.50750 0.00135 0.02375 210.62454
1.46450 0.36250 0.00346 0.06590 326.83800
2.33450 0.44950 0.00462 0.03247 215.87818
4.21950 0.39150 0.00135 0.04323 213.28943
1.37750 0.47850 0.00385 0.03410 322.24291
4.24850 0.27550 0.00135 0.04236 191.96250
4.19050 0.39150 0.00135 0.04434 213.53955
1.29050 0.47850 0.00365 0.05854 316.01747
1.55150 0.36250 0.00356 0.05410 328.48408
4.30650 0.50750 0.00135 0.03302 216.86296
1.37750 0.36250 0.00353 0.08552 338.62531
2.68250 0.44950 0.00420 0.04476 80.02836
2.85650 0.33350 0.00395 0.04859 54.09225
3.75550 0.30450 0.00213 0.10703 80.06242
4.74150 0.27550 0.00129 0.07685 272.11779
2.65350 0.33350 0.00414 0.02237 278.30031
3.81350 0.42050 0.00155 0.10555 273.35116
3.61050 0.53650 0.00239 0.11447 84.03789
4.53850 0.50750 0.00134 0.01368 315.41475
3.55250 0.30450 0.00252 0.05409 59.17248
3.55250 0.42050 0.00262 0.11090 77.15795
3.66850 0.42050 0.00227 0.11201 78.51151
2.59550 0.33350 0.00421 0.01569 314.87090
1.75450 0.47850 0.00450 0.02533 357.01336
3.84250 0.53650 0.00146 0.04075 288.78176
3.98750 0.30450 0.00138 0.03445 208.03042
3.14650 0.44950 0.00398 0.02314 158.23537
3.05950 0.44950 0.00407 0.02750 178.45803
2.07350 0.47850 0.00470 0.03986 212.50978
4.13250 0.53650 0.00135 0.03845 216.34836
1.14550 0.39150 0.00342 0.09538 308.44029
3.14650 0.33350 0.00382 0.03094 8.64339
3.90050 0.42050 0.00141 0.02472 194.02500
3.00150 0.33350 0.00389 0.04338 31.97178
0.13050 0.42050 0.00210 0.02085 275.31136
0.13050 0.30450 0.00208 0.03149 275.57661
4.04550 0.30450 0.00137 0.03956 203.61694
3.34950 0.33350 0.00341 0.02325 78.25986
3.23350 0.44950 0.00384 0.01559 142.58606
2.50850 0.47850 0.00445 0.01902 320.73814
4.33550 0.42050 0.00134 0.03475 212.94922
3.37850 0.44950 0.00305 0.12688 89.44002
4.21950 0.30450 0.00135 0.04291 199.63855
4.30650 0.42050 0.00134 0.03731 214.05213
1.46450 0.50750 0.00394 0.04038 186.52665
2.50850 0.36250 0.00433 0.01852 182.90874
0.39150 0.42050 0.00212 0.01095 266.17897
1.29050 0.50750 0.00362 0.05180 310.71767
4.36450 0.30450 0.00135 0.03436 192.74587
1.58050 0.39150 0.00386 0.04273 344.84485
0.82650 0.42050 0.00227 0.01309 139.43195
1.75450 0.39150 0.00435 0.03150 182.23755
1.84150 0.39150 0.00442 0.03217 187.62642
1.87050 0.50750 0.00461 0.02721 188.00799
4.48050 0.30450 0.00134 0.02434 350.49512
3.66850 0.33350 0.00242 0.08904 63.97310
3.69750 0.44950 0.00212 0.10986 81.55201
4.59650 0.42050 0.00133 0.02183 293.14689
2.68250 0.47850 0.00423 0.04813 79.40448
3.75550 0.33350 0.00221 0.13122 80.25053
1.78350 0.39150 0.00438 0.03138 183.63555
4.48050 0.53650 0.00135 0.01264 355.73346
4.77050 0.42050 0.00004 0.00000 180.00000
2.01550 0.50750 0.00471 0.03641 207.65593
3.05950 0.36250 0.00392 0.03544 17.46878
1.00050 0.42050 0.00287 0.13143 275.91751
0.97150 0.53650 0.00259 0.09819 88.02145
4.13250 0.33350 0.00136 0.04386 206.93896
0.21750 0.33350 0.00209 0.01925 277.46092
4.07450 0.44950 0.00135 0.04219 216.44074
4.13250 0.44950 0.00135 0.04323 216.90436
1.98650 0.50750 0.00469 0.03440 204.01661
1.14550 0.53650 0.00318 0.06440 289.00327
0.15950 0.44950 0.00210 0.01295 276.60900
1.05850 0.53650 0.00293 0.07691 283.74897
1.17450 0.53650 0.00326 0.06038 291.23577
1.34850 0.53650 0.00376 0.03868 313.32394
3.46550 0.47850 0.00288 0.10939 81.08619
0.50750 0.56550 0.00212 0.03912 100.12931
0.53650 0.44950 0.00215 0.02529 94.05818
2.53750 0.50750 0.00443 0.02587 295.08914
0.36250 0.56550 0.00210 0.02502 97.21024
3.29150 0.47850 0.00367 0.01423 62.85859
2.24750 0.50750 0.00477 0.03887 221.48543
0.39150 0.56550 0.00210 0.02843 97.96482
0.62350 0.44950 0.00218 0.02779 97.27588
4.30650 0.33350 0.00135 0.03870 203.30552
4.27750 0.33350 0.00135 0.04066 204.29585
1.46450 0.30450 0.00315 0.07561 312.47554
0.73950 0.56550 0.00221 0.03971 110.41083
0.82650 0.44950 0.00227 0.01650 132.12656
3.81350 0.36250 0.00165 0.11383 89.47150
2.71150 0.39150 0.00411 0.04169 76.50373
0.68150 0.44950 0.00220 0.02759 101.01260
0.91350 0.33350 0.00241 0.05232 271.30320
2.56650 0.39150 0.00429 0.01785 311.36705
0.88450 0.44950 0.00232 0.01476 38.56280
2.71150 0.50750 0.00425 0.05099 74.33395
4.50950 0.33350 0.00134 0.02044 344.85551
4.71250 0.33350 0.00131 0.05680 273.24977
0.94250 0.44950 0.00243 0.07365 84.31185
2.56650 0.50750 0.00439 0.03163 283.58805
0.24650 0.71050 0.00210 0.00889 228.41998
1.05850 0.79750 0.00303 0.10319 81.96177
0.27550 0.59450 0.00209 0.01290 267.33494
0.27550 0.71050 0.00209 0.01406 251.11391
3.14650 0.62350 0.00421 0.02160 136.57552
0.01450 0.71050 0.00186 0.04098 271.39820
2.88550 0.73950 0.00487 0.02170 177.04134
1.11650 0.68150 0.00298 0.08741 81.53341
0.24650 0.59450 0.00210 0.00715 254.42872
0.21750 0.59450 0.00210 0.00322 189.46232
1.26150 0.68150 0.00339 0.06398 82.47400
3.92950 0.59450 0.00138 0.02481 209.03441
3.03050 0.62350 0.00442 0.02453 153.95723
0.50750 0.59450 0.00212 0.04165 100.43035
3.26250 0.62350 0.00384 0.00826 8.77782
4.39350 0.71050 0.00136 0.01105 190.16112
2.53750 0.76850 0.00480 0.05758 275.71158
0.33350 0.82650 0.00210 0.02561 258.55843
3.34950 0.62350 0.00322 0.08976 85.00206
3.20450 0.62350 0.00405 0.01642 132.95195
3.23350 0.62350 0.00396 0.01279 134.77829
1.37750 0.79750 0.00311 0.16496 73.29410
0.42050 0.71050 0.00210 0.03895 95.59934
1.34850 0.68150 0.00356 0.05680 79.30536
2.33450 0.76850 0.00506 0.02312 353.76656
1.34850 0.79750 0.00310 0.15947 73.06950
2.62450 0.76850 0.00485 0.05399 83.85435
1.84150 0.68150 0.00477 0.02286 359.07272
0.82650 0.82650 0.00235 0.02161 171.26996
4.59650 0.59450 0.00133 0.02379 279.63261
2.65350 0.76850 0.00488 0.04880 79.52819
0.73950 0.59450 0.00221 0.04202 111.29499
2.56650 0.65250 0.00457 0.05016 274.31023
4.71250 0.71050 0.00129 0.05994 89.46472
1.78350 0.68150 0.00473 0.02104 341.03120
0.94250 0.59450 0.00247 0.05782 78.95242
0.91350 0.82650 0.00256 0.02498 43.86462
2.59550 0.65250 0.00454 0.05436 89.75758
1.81250 0.79750 0.00489 0.02784 359.32088
2.88550 0.76850 0.00495 0.02191 171.44467
3.05950 0.76850 0.00462 0.02738 146.65239
2.21850 0.79750 0.00532 0.03584 217.97314
1.05850 0.82650 0.00321 0.08276 82.65515
1.23250 0.82650 0.00317 0.11041 72.55465
4.01650 0.62350 0.00136 0.02945 209.96932
3.95850 0.73950 0.00137 0.01840 195.57746
0.15950 0.73950 0.00210 0.01672 299.97022
4.13250 0.73950 0.00135 0.02297 204.51208
1.92850 0.56550 0.00471 0.02917 197.39152
3.17550 0.65250 0.00417 0.01956 133.79875
4.04550 0.62350 0.00135 0.03061 210.25105
2.91450 0.76850 0.00492 0.02354 162.65033
1.58050 0.82650 0.00426 0.04254 284.08198
2.33450 0.68150 0.00494 0.02388 193.90822
1.40650 0.82650 0.00328 0.12148 66.84971
2.24750 0.68150 0.00508 0.03552 219.95220
4.33550 0.62350 0.00135 0.02201 212.64293
4.27750 0.73950 0.00136 0.01760 208.76373
2.36350 0.56550 0.00475 0.02461 202.22943
3.29150 0.76850 0.00367 0.03362 70.88607
3.26250 0.76850 0.00388 0.01689 38.99350
0.39150 0.73950 0.00209 0.03523 92.18009
0.50750 0.73950 0.00212 0.04895 99.32376
3.29150 0.65250 0.00366 0.02460 70.85064
2.30550 0.79750 0.00516 0.02455 185.82208
2.76950 0.79750 0.00508 0.02408 45.23551
1.66750 0.82650 0.00475 0.03747 325.89002
3.75550 0.65250 0.00180 0.11065 273.62188
2.59550 0.56550 0.00442 0.04513 272.23480
2.71150 0.56550 0.00435 0.05099 73.64407
3.75550 0.76850 0.00202 0.11144 270.99751
2.62450 0.79750 0.00495 0.05250 83.31631
3.81350 0.65250 0.00161 0.09486 274.15920
0.88450 0.62350 0.00232 0.01783 179.29308
0.94250 0.62350 0.00248 0.05426 77.75407
1.72550 0.71050 0.00464 0.02331 321.88143
1.84150 0.71050 0.00480 0.02381 180.07219
3.81350 0.76850 0.00171 0.08828 275.47294
3.05950 0.68150 0.00448 0.02526 146.03940
2.13150 0.71050 0.00518 0.04616 226.96646
1.02950 0.73950 0.00285 0.09532 82.09433
0.07250 0.76850 0.00204 0.02642 279.56572
2.88550 0.56550 0.00438 0.02851 30.63978
1.20350 0.62350 0.00327 0.05129 88.83815
3.92950 0.65250 0.00138 0.02143 206.64876
1.05850 0.73950 0.00287 0.10517 80.65322
1.20350 0.73950 0.00318 0.09597 78.39268
0.04350 0.65250 0.00204 0.04120 274.17578
3.05950 0.56550 0.00427 0.02414 154.95300
3.98750 0.65250 0.00136 0.02580 207.61787
3.08850 0.68150 0.00441 0.02465 143.27885
1.29050 0.62350 0.00352 0.03750 272.52208
2.24750 0.59450 0.00492 0.03759 221.99174
2.27650 0.71050 0.00509 0.03040 211.95943
3.46550 0.56550 0.00281 0.11499 84.58589
0.50750 0.76850 0.00212 0.04905 98.91312
0.47850 0.65250 0.00211 0.04336 99.61222
2.33450 0.71050 0.00498 0.02327 187.68088
3.20450 0.56550 0.00401 0.01767 132.98241
2.50850 0.71050 0.00470 0.04667 282.58606
0.36250 0.65250 0.00209 0.02883 94.13802
3.32050 0.79750 0.00346 0.05995 82.69716
3.34950 0.56550 0.00332 0.08230 84.60389
3.29150 0.79750 0.00372 0.03244 67.50650
4.74150 0.76850 0.00127 0.07775 89.45469
0.68150 0.65250 0.00218 0.04996 107.91637
2.68250 0.82650 0.00512 0.03794 72.22886
4.56750 0.76850 0.00135 0.02127 276.12603
2.74050 0.82650 0.00517 0.02636 54.24752
4.59650 0.65250 0.00134 0.02492 276.95964
0.88450 0.76850 0.00238 0.02127 17.31064
3.55250 0.79750 0.00245 0.13182 276.33251
2.74050 0.71050 0.00475 0.03611 63.94587
2.79850 0.59450 0.00444 0.03693 55.29013
3.72650 0.79750 0.00221 0.11793 89.43153
1.89950 0.62350 0.00475 0.02636 193.20318
4.71250 0.65250 0.00130 0.05924 89.63248
2.10250 0.62350 0.00497 0.04335 222.68175
0.04350 0.79750 0.00197 0.01935 275.36596
0.27550 0.68150 0.00209 0.01383 255.42097
2.97250 0.71050 0.00469 0.02501 156.40735
0.13050 0.79750 0.00209 0.02060 293.03061
4.07450 0.68150 0.00135 0.02687 206.40296
1.08750 0.76850 0.00295 0.11296 79.75549
1.26150 0.76850 0.00318 0.11159 73.79012
3.92950 0.79750 0.00139 0.01391 357.89872
2.13150 0.62350 0.00499 0.04415 224.33935
3.08850 0.71050 0.00446 0.02520 143.53474
1.14550 0.65250 0.00308 0.07155 84.06392
3.98750 0.68150 0.00136 0.02374 204.75154
3.20450 0.82650 0.00429 0.02406 156.09795
4.36450 0.56550 0.00135 0.02309 212.18951
1.43550 0.65250 0.00378 0.02115 272.73662
0.42050 0.68150 0.00210 0.03811 96.69051
4.19050 0.68150 0.00135 0.02692 212.11368
2.50850 0.73950 0.00475 0.05022 281.27637
3.49450 0.59450 0.00272 0.11708 86.13579
1.29050 0.65250 0.00350 0.04823 86.54075
1.52250 0.65250 0.00361 0.05878 89.75631
3.37850 0.71050 0.00264 0.14784 89.55432
2.39250 0.73950 0.00491 0.02526 321.97781
3.40750 0.82650 0.00279 0.11555 278.12940
0.62350 0.79750 0.00217 0.05015 106.35343
4.50950 0.79750 0.00136 0.01347 285.05743
3.52350 0.59450 0.00264 0.11773 86.21571
0.85550 0.79750 0.00236 0.02135 1.82511
4.56750 0.56550 0.00134 0.01775 290.20095
4.56750 0.79750 0.00135 0.02139 275.15077
0.91350 0.68150 0.00237 0.02237 37.07988
0.73950 0.79750 0.00223 0.03695 122.91596
0.76850 0.68150 0.00223 0.04029 119.12920
0.91350 0.79750 0.00249 0.02461 41.85396
4.77050 0.68150 0.00004 0.00000 180.00000
4.53850 0.79750 0.00135 0.01716 279.18787
3.58150 0.82650 0.00258 0.10727 276.04703
4.59650 0.79750 0.00134 0.02650 272.70369
0.97150 0.91350 0.00320 0.01770 51.21383
3.87150 0.94250 0.00162 0.02137 295.11408
2.16050 0.88450 0.00558 0.04167 221.99437
0.07250 1.05850 0.00194 0.03816 269.27934
1.02950 0.91350 0.00357 0.00612 68.04223
2.13150 1.00050 0.00588 0.04222 218.68312
2.07350 1.00050 0.00593 0.05030 225.49135
1.08750 1.02950 0.00440 0.02315 205.31440
0.04350 1.05850 0.00186 0.05956 91.06786
2.88550 0.85550 0.00520 0.02384 158.97975
3.03050 0.97150 0.00507 0.03182 146.70442
3.05950 0.97150 0.00498 0.03154 148.41630
3.84250 0.82650 0.00161 0.04283 286.50959
2.24750 0.88450 0.00542 0.02888 198.84904
2.30550 0.88450 0.00528 0.02572 344.53193
0.42050 1.05850 0.00218 0.01235 246.63089
1.55150 0.91350 0.00484 0.04604 333.04538
3.32050 0.85550 0.00371 0.04306 57.49105
0.39150 0.94250 0.00212 0.02740 261.22522
2.30550 1.00050 0.00547 0.03306 321.02889
3.20450 0.97150 0.00453 0.03226 160.89101
0.42050 0.94250 0.00212 0.03025 265.98185
1.58050 0.91350 0.00489 0.04544 334.96330
1.40650 0.91350 0.00438 0.03350 325.92572
3.37850 1.08750 0.00435 0.03819 171.52191
3.49450 1.08750 0.00423 0.03851 176.71042
4.71250 0.94250 0.00128 0.05859 89.34483
3.52350 1.08750 0.00420 0.03724 177.39884
4.74150 1.05850 0.00125 0.07514 89.49675
3.72650 0.97150 0.00334 0.00998 22.45199
1.84150 1.02950 0.00549 0.04951 217.35831
3.75550 0.85550 0.00240 0.06019 88.93380
1.63850 0.91350 0.00496 0.04196 339.94574
0.76850 0.94250 0.00241 0.01830 11.69677
1.81250 0.91350 0.00507 0.03615 197.71328
4.53850 0.94250 0.00136 0.01543 272.97180
4.62550 0.82650 0.00133 0.03255 270.79206
3.75550 1.08750 0.00354 0.01305 2.32746
4.65450 0.94250 0.00131 0.03724 89.32307
4.10350 0.85550 0.00136 0.01526 188.36370
3.90050 0.97150 0.00152 0.01402 299.19749
3.87150 0.97150 0.00166 0.02016 292.04940
3.00150 0.88450 0.00499 0.03051 147.06508
3.03050 1.00050 0.00513 0.03177 146.59506
3.14650 1.00050 0.00474 0.03085 155.68671
3.08850 0.88450 0.00474 0.03028 149.52294
1.00050 0.94250 0.00354 0.00781 53.90789
2.91450 0.88450 0.00523 0.02677 151.48179
3.17550 0.88450 0.00448 0.02883 155.44419
4.01650 0.97150 0.00138 0.01066 327.29384
0.13050 0.97150 0.00209 0.01161 312.27701
1.23250 0.94250 0.00431 0.02945 191.77543
1.37750 1.05850 0.00503 0.04325 358.56923
4.24850 0.85550 0.00137 0.01121 197.70768
1.52250 0.94250 0.00492 0.04561 338.42951
4.16150 1.08750 0.00140 0.00380 314.03983
3.43650 0.88450 0.00341 0.05328 81.53836
0.39150 1.08750 0.00221 0.00898 211.56570
3.37850 0.88450 0.00359 0.05440 66.87055
1.34850 1.05850 0.00500 0.04374 180.39297
4.39350 0.85550 0.00138 0.00647 330.06849
2.27650 0.91350 0.00539 0.02630 356.29318
4.30650 0.85550 0.00138 0.00868 189.88560
0.47850 0.97150 0.00215 0.02856 92.74921
4.45150 0.97150 0.00139 0.00708 281.81780
3.63950 0.88450 0.00312 0.03001 84.60854
1.66750 1.05850 0.00518 0.03644 191.07557
0.94250 0.85550 0.00281 0.02602 55.09456
3.69750 1.00050 0.00366 0.01529 4.80098
0.65250 0.85550 0.00219 0.04052 112.18478
4.71250 0.85550 0.00129 0.05996 89.34069
0.85550 1.08750 0.00361 0.00955 271.37963
4.74150 1.08750 0.00125 0.07432 89.42182
4.62550 0.97150 0.00133 0.02913 89.25262
4.68350 0.85550 0.00130 0.04855 89.45715
3.81350 1.00050 0.00227 0.01704 278.33458
0.65250 0.97150 0.00226 0.01774 134.61179
4.56750 0.85550 0.00135 0.02112 273.47479
2.04450 0.94250 0.00574 0.05353 228.14247
4.10350 1.00050 0.00138 0.00835 336.65731
4.01650 0.88450 0.00137 0.01355 349.53625
2.01550 0.94250 0.00569 0.05468 228.05407
3.00150 1.02950 0.00530 0.03145 145.40047
1.05850 0.97150 0.00402 0.01007 214.68436
1.20350 0.85550 0.00356 0.04673 81.12426
3.87150 0.88450 0.00155 0.02316 299.37662
4.13250 1.00050 0.00138 0.00752 340.91481
2.13150 1.05850 0.00601 0.03999 213.46356
0.27550 0.88450 0.00211 0.01438 225.22535
0.07250 1.00050 0.00196 0.02200 266.14262
1.92850 0.94250 0.00545 0.05117 222.59230
1.40650 0.97150 0.00487 0.04448 347.95742
0.42050 1.00050 0.00214 0.02212 261.07855
0.47850 0.88450 0.00213 0.04070 94.72155
2.53750 0.94250 0.00539 0.05989 272.21032
2.30550 1.05850 0.00560 0.03848 312.98878
3.49450 1.02950 0.00412 0.03902 6.88826
0.50750 1.00050 0.00217 0.02235 96.78473
4.16150 0.88450 0.00137 0.01236 190.53706
2.39250 1.05850 0.00560 0.05847 289.77380
0.59450 1.00050 0.00223 0.01688 119.14693
2.39250 0.94250 0.00525 0.04684 295.42706
3.40750 0.91350 0.00372 0.04640 52.10769
0.53650 0.88450 0.00215 0.04235 100.00720
3.66850 0.91350 0.00326 0.01440 60.49700
2.62450 1.05850 0.00614 0.03153 72.27194
2.82750 0.94250 0.00558 0.02111 165.18046
0.85550 0.88450 0.00252 0.02278 28.61247
1.72550 0.85550 0.00492 0.03440 343.88303
2.68250 0.94250 0.00562 0.02837 64.04004
0.65250 1.00050 0.00230 0.01263 152.92792
1.75450 1.08750 0.00543 0.04438 209.93863
0.94250 1.00050 0.00351 0.00953 59.69597
0.73950 1.00050 0.00249 0.01692 32.93869
0.73950 0.88450 0.00228 0.02396 142.39350
4.74150 1.00050 0.00126 0.07609 89.52562
3.78450 1.02950 0.00285 0.00873 60.35277
4.10350 0.91350 0.00137 0.01207 357.95798
2.18950 0.97150 0.00571 0.03435 207.91548
4.13250 0.91350 0.00137 0.01136 181.46234
1.23250 1.11650 0.00488 0.04011 188.03920
1.17450 0.88450 0.00381 0.01651 298.19498
0.07250 1.02950 0.00195 0.02996 268.10614
3.14650 0.94250 0.00465 0.03076 154.95948
3.11750 0.94250 0.00474 0.03086 152.53809
2.13150 1.08750 0.00607 0.03872 210.13396
1.08750 1.11650 0.00468 0.02985 196.38304
2.07350 1.08750 0.00616 0.04743 220.88822
1.05850 0.88450 0.00360 0.01489 270.53870
0.30450 0.91350 0.00211 0.01765 238.47967
1.34850 0.88450 0.00393 0.03128 275.96394
2.39250 0.97150 0.00532 0.05014 293.69678
0.39150 1.02950 0.00216 0.01610 247.62374
1.49350 0.88450 0.00437 0.03793 304.71235
0.53650 0.91350 0.00215 0.03829 100.20044
4.42250 1.02950 0.00139 0.00397 276.80263
4.27750 0.91350 0.00138 0.00710 185.01170
4.16150 0.91350 0.00137 0.01069 185.31579
1.37750 1.00050 0.00494 0.04521 354.23644
4.30650 0.91350 0.00138 0.00619 358.14941
0.59450 1.02950 0.00227 0.01050 131.21672
2.39250 0.85550 0.00507 0.03688 302.73336
0.39150 0.91350 0.00211 0.03029 263.34651
4.53850 1.02950 0.00137 0.01216 87.26697
1.87050 1.11650 0.00595 0.05841 224.95145
2.59550 0.97150 0.00564 0.04608 83.38242
0.88450 1.02950 0.00334 0.01414 63.54367
0.94250 0.91350 0.00302 0.02116 48.64084
0.73950 0.91350 0.00231 0.02018 154.89561
1.60950 1.11650 0.00520 0.03533 191.34492
4.74150 1.02950 0.00126 0.07557 89.50719
3.69750 1.05850 0.00387 0.01984 177.77632
1.63850 1.00050 0.00510 0.03725 356.25959
2.76950 0.85550 0.00530 0.02078 35.06655
3.61050 1.05850 0.00407 0.02998 0.32489
3.61050 0.94250 0.00356 0.01855 43.29605
1.05850 1.37750 0.00520 0.03033 182.53222
0.07250 1.29050 0.00189 0.10862 269.65186
1.17450 1.26150 0.00500 0.03338 186.22645
3.87150 1.17450 0.00230 0.01076 47.71198
1.98650 1.11650 0.00624 0.05680 226.41249
2.13150 1.23250 0.00631 0.03336 185.52092
2.94350 1.31950 0.00630 0.02457 147.66832
1.11650 1.37750 0.00522 0.03002 182.78805
1.08750 1.14550 0.00473 0.03069 194.49362
2.16050 1.23250 0.00624 0.03270 351.36440
3.14650 1.31950 0.00564 0.01919 175.87609
4.13250 1.29050 0.00148 0.01005 21.91791
2.07350 1.11650 0.00623 0.04621 218.85928
2.39250 1.11650 0.00585 0.06296 287.85942
4.42250 1.29050 0.00143 0.01370 147.45825
2.45050 1.11650 0.00602 0.06519 279.80331
1.37750 1.14550 0.00504 0.03753 182.58107
2.53750 1.23250 0.00706 0.03742 83.29285
1.37750 1.26150 0.00517 0.03305 185.38280
4.36450 1.29050 0.00143 0.01242 153.97137
0.36250 1.17450 0.00240 0.01665 317.96931
3.23350 1.31950 0.00539 0.02039 3.09254
2.47950 1.23250 0.00689 0.05335 273.76122
2.42150 1.34850 0.00749 0.05815 279.67291
0.59450 1.29050 0.00372 0.02784 343.23768
4.33550 1.17450 0.00141 0.00408 151.61366
0.91350 1.17450 0.00456 0.01834 194.27119
2.71150 1.34850 0.00747 0.02260 148.49713
0.76850 1.29050 0.00478 0.02868 186.40638
1.81250 1.37750 0.00667 0.06223 226.63435
4.59650 1.17450 0.00135 0.01217 72.59260
1.89950 1.26150 0.00656 0.06011 225.62678
3.75550 1.20350 0.00386 0.01887 177.32712
2.62450 1.11650 0.00646 0.02655 66.49541
3.61050 1.20350 0.00430 0.02952 177.02904
4.74150 1.17450 0.00125 0.07294 89.18300
0.68150 1.17450 0.00318 0.01766 289.51200
4.68350 1.17450 0.00130 0.03771 86.79236
4.56750 1.17450 0.00137 0.00800 59.90858
1.17450 1.17450 0.00488 0.03605 189.06517
4.10350 1.31950 0.00154 0.01230 21.20469
3.98750 1.20350 0.00160 0.01074 57.19748
3.87150 1.31950 0.00277 0.01283 5.95056
0.13050 1.20350 0.00214 0.02847 261.53690
2.21850 1.14550 0.00595 0.03227 340.27930
3.17550 1.11650 0.00486 0.02745 160.83899
1.14550 1.17450 0.00485 0.03484 190.26807
4.13250 1.31950 0.00151 0.01198 16.24107
1.95750 1.26150 0.00661 0.05348 221.86219
2.16050 1.14550 0.00610 0.03302 190.57489
1.00050 1.29050 0.00496 0.03050 188.74902
2.13150 1.37750 0.00649 0.03750 330.13951
0.44950 1.20350 0.00254 0.01826 307.52267
3.43650 1.34850 0.00457 0.02243 0.12772
0.62350 1.31950 0.00429 0.03372 358.45368
4.33550 1.31950 0.00145 0.01416 160.05492
4.33550 1.20350 0.00142 0.00556 152.09737
4.21950 1.31950 0.00147 0.01187 179.17948
0.50750 1.20350 0.00265 0.01896 301.25912
1.43550 1.17450 0.00509 0.03479 184.46819
0.56550 1.31950 0.00386 0.03305 348.41131
1.29050 1.17450 0.00499 0.03752 184.73955
4.45150 1.31950 0.00143 0.01745 144.75242
0.53650 1.20350 0.00272 0.01963 298.78521
3.34950 1.23250 0.00477 0.02645 177.72497
0.76850 1.20350 0.00409 0.01502 348.90701
1.84150 1.17450 0.00610 0.06044 225.31507
3.78450 1.34850 0.00338 0.01595 160.55399
0.94250 1.31950 0.00501 0.03102 187.44574
3.52350 1.11650 0.00425 0.03628 175.00290
2.79850 1.14550 0.00639 0.02424 149.58360
4.53850 1.31950 0.00139 0.01469 144.72991
1.81250 1.29050 0.00645 0.06363 226.22267
1.72550 1.17450 0.00568 0.04892 214.76848
1.72550 1.29050 0.00616 0.06006 222.61827
0.68150 1.31950 0.00467 0.03373 183.84233
2.79850 1.26150 0.00679 0.02695 142.96425
3.63950 1.34850 0.00378 0.02139 162.75942
0.07250 1.23250 0.00191 0.09132 269.98118
1.17450 1.20350 0.00492 0.03518 188.02186
2.91450 1.26150 0.00624 0.02749 143.56355
4.07450 1.23250 0.00148 0.00855 48.88975
3.17550 1.37750 0.00577 0.01803 3.91130
3.11750 1.26150 0.00548 0.02125 165.55834
0.24650 1.23250 0.00255 0.02206 313.01621
0.04350 1.23250 0.00181 0.11872 90.22200
4.04550 1.23250 0.00151 0.00969 50.36103
3.11750 1.14550 0.00512 0.02637 156.65305
4.04550 1.34850 0.00169 0.01443 18.46006
2.94350 1.37750 0.00651 0.02256 150.61735
3.08850 1.14550 0.00522 0.02692 153.64437
2.50850 1.17450 0.00658 0.05061 270.98503
2.42150 1.29050 0.00706 0.06223 280.49919
3.32050 1.14550 0.00457 0.03050 169.97243
0.36250 1.34850 0.00322 0.03607 323.98781
3.40750 1.14550 0.00442 0.03418 171.87701
2.33450 1.29050 0.00660 0.06728 291.56578
1.37750 1.20350 0.00508 0.03463 184.23884
0.47850 1.23250 0.00274 0.02219 308.65174
4.16150 1.11650 0.00140 0.00317 293.00887
3.37850 1.26150 0.00480 0.02599 0.90378
0.39150 1.23250 0.00262 0.02297 311.43467
4.42250 1.11650 0.00140 0.00237 26.56505
2.47950 1.17450 0.00649 0.05737 275.04977
2.76950 1.17450 0.00658 0.02222 153.74627
1.69650 1.20350 0.00569 0.04820 213.65380
2.79850 1.17450 0.00649 0.02502 147.50422
4.77050 1.11650 0.00004 0.00000 180.00000
2.71150 1.17450 0.00673 0.01735 176.19911
2.68250 1.29050 0.00732 0.01771 167.28175
3.63950 1.37750 0.00352 0.02008 145.92211
0.94250 1.23250 0.00477 0.02608 193.11976
4.59650 1.11650 0.00135 0.01561 81.71420
1.60950 1.31950 0.00585 0.04893 213.41074
0.82650 1.34850 0.00502 0.03376 184.19565
4.74150 1.11650 0.00125 0.07385 89.36384
1.63850 1.20350 0.00550 0.04127 205.27354
0.01450 1.14550 0.00168 0.11438 90.51093
2.97250 1.17450 0.00575 0.02866 145.08988
3.92950 1.37750 0.00228 0.01073 177.00966
4.01650 1.26150 0.00161 0.01172 42.30328
2.16050 1.31950 0.00640 0.03703 331.28952
3.03050 1.17450 0.00552 0.02715 149.30765
3.98750 1.26150 0.00172 0.01225 40.33247
3.90050 1.26150 0.00230 0.01229 27.79546
3.14650 1.29050 0.00552 0.02012 172.26048
3.84250 1.26150 0.00300 0.01334 8.66454
0.13050 1.37750 0.00219 0.06065 264.45578
1.00050 1.23250 0.00482 0.02850 192.46121
0.30450 1.26150 0.00272 0.02737 311.77090
3.34950 1.29050 0.00494 0.02408 2.66632
3.49450 1.29050 0.00451 0.02689 0.91614
2.39250 1.31950 0.00710 0.06535 283.68535
1.37750 1.34850 0.00537 0.03193 189.22634
0.47850 1.26150 0.00290 0.02581 313.27285
4.21950 1.37750 0.00150 0.01913 173.18340
4.27750 1.14550 0.00141 0.00172 159.24920
4.30650 1.14550 0.00141 0.00226 151.73359
2.39250 1.20350 0.00632 0.06641 285.70007
0.62350 1.14550 0.00270 0.01674 274.07586
3.40750 1.29050 0.00478 0.02551 2.38127
2.47950 1.20350 0.00668 0.05532 274.43763
1.34850 1.34850 0.00533 0.03141 187.33545
4.65450 1.26150 0.00132 0.02206 77.67122
4.53850 1.14550 0.00138 0.00651 59.45864
4.77050 1.37750 0.00004 0.00000 180.00000
2.82750 1.20350 0.00647 0.02732 143.60410
0.76850 1.37750 0.00499 0.03745 183.41408
4.59650 1.37750 0.00136 0.01310 160.04306
3.69750 1.17450 0.00411 0.02408 176.11785
0.85550 1.26150 0.00479 0.02626 190.55265
1.75450 1.34850 0.00644 0.06408 226.07496
2.62450 1.20350 0.00696 0.01992 52.40510
3.81350 1.29050 0.00336 0.01548 178.22281
3.58150 1.17450 0.00429 0.03164 175.70407
2.79850 1.20350 0.00659 0.02575 145.69892
1.26150 1.49350 0.00556 0.02253 181.78038
4.01650 1.63850 0.00132 0.11870 102.34660
2.21850 1.58050 0.00759 0.08246 297.47862
0.07250 1.63850 0.00166 0.20264 268.38531
1.14550 1.60950 0.00575 0.01312 339.34176
3.14650 1.55150 0.00588 0.01308 5.26584
0.01450 1.63850 0.00150 0.24041 269.46614
3.92950 1.63850 0.00138 0.11354 98.19790
1.95750 1.46450 0.00678 0.03449 205.19051
2.94350 1.43550 0.00673 0.02094 153.44719
1.02950 1.60950 0.00561 0.01781 333.63634
1.17450 1.49350 0.00552 0.02306 355.84712
3.90050 1.52250 0.00188 0.06313 96.69499
0.62350 1.40650 0.00432 0.04699 200.32060
2.39250 1.46450 0.00830 0.05676 282.08207
1.52250 1.49350 0.00596 0.03560 217.23688
0.39150 1.63850 0.00211 0.10627 245.62476
0.47850 1.63850 0.00194 0.12064 237.67997
2.36350 1.58050 0.00909 0.05932 284.42745
4.16150 1.52250 0.00150 0.06897 121.25866
3.32050 1.55150 0.00383 0.01585 108.35491
4.16150 1.40650 0.00156 0.02097 170.52869
0.44950 1.63850 0.00200 0.11868 240.97072
4.45150 1.63850 0.00135 0.09039 109.73399
0.50750 1.40650 0.00382 0.04431 190.19150
1.46450 1.49350 0.00582 0.02872 208.94802
0.82650 1.63850 0.00255 0.05938 251.66574
0.82650 1.52250 0.00391 0.04376 232.15602
2.62450 1.46450 0.00829 0.01694 159.61813
4.53850 1.52250 0.00138 0.04267 124.42001
2.71150 1.46450 0.00789 0.02550 140.36126
4.77050 1.40650 0.00004 0.00000 180.00000
4.77050 1.63850 0.00004 0.00000 180.00000
4.65450 1.63850 0.00127 0.01716 47.57362
2.56650 1.46450 0.00848 0.01315 28.47485
0.71050 1.40650 0.00463 0.04258 195.85113
0.88450 1.40650 0.00520 0.03371 359.01429
2.65350 1.46450 0.00817 0.02017 149.58199
1.78350 1.60950 0.00682 0.05937 232.03953
0.24650 1.43550 0.00299 0.02688 330.36353
1.11650 1.52250 0.00559 0.02162 348.79920
2.10250 1.60950 0.00678 0.05428 310.65968
1.26150 1.40650 0.00537 0.02874 184.60969
3.90050 1.55150 0.00174 0.08129 96.27870
0.21750 1.43550 0.00284 0.02049 339.37197
1.05850 1.63850 0.00571 0.01462 329.36556
0.24650 1.66750 0.00215 0.05723 249.53535
4.04550 1.43550 0.00175 0.01910 153.90458
2.07350 1.49350 0.00660 0.03638 328.17994
0.30450 1.55150 0.00270 0.02909 210.94687
2.88550 1.46450 0.00703 0.02364 146.14187
1.23250 1.52250 0.00560 0.01980 356.52477
2.45050 1.49350 0.00874 0.03640 272.50323
4.33550 1.43550 0.00147 0.03968 141.30186
2.36350 1.49350 0.00838 0.06384 285.03549
1.29050 1.52250 0.00563 0.01920 181.93997
2.53750 1.60950 0.00927 0.01114 26.38104
1.46450 1.63850 0.00590 0.00697 224.41893
0.33350 1.66750 0.00212 0.08677 249.30098
1.52250 1.40650 0.00581 0.04148 211.19119
0.42050 1.66750 0.00197 0.11022 245.13918
0.47850 1.55150 0.00237 0.10684 242.37009
1.40650 1.52250 0.00575 0.02069 199.36323
3.49450 1.58050 0.00248 0.06539 266.95820
1.52250 1.63850 0.00600 0.01444 229.43744
1.84150 1.40650 0.00678 0.05851 225.83092
4.50950 1.43550 0.00141 0.03617 129.70620
1.69650 1.63850 0.00656 0.05339 233.24599
0.88450 1.43550 0.00519 0.03319 356.95999
0.71050 1.55150 0.00245 0.09227 239.71674
1.72550 1.52250 0.00663 0.06146 230.58596
1.66750 1.40650 0.00629 0.06033 224.55679
1.69650 1.40650 0.00639 0.06235 225.94217
1.87050 1.52250 0.00689 0.04739 223.38393
1.78350 1.40650 0.00666 0.06351 227.52059
1.60950 1.63850 0.00625 0.03428 231.66910
0.71050 1.66750 0.00167 0.06423 357.29618
4.53850 1.55150 0.00137 0.04727 121.54794
1.23250 1.66750 0.00581 0.00528 340.87891
1.00050 1.66750 0.00507 0.01289 191.86805
2.18950 1.40650 0.00664 0.05371 309.72772
0.97150 1.55150 0.00544 0.02355 344.20500
1.98650 1.63850 0.00677 0.02818 357.45745
3.08850 1.49350 0.00638 0.01535 2.35176
3.00150 1.49350 0.00675 0.01697 167.57741
1.11650 1.66750 0.00577 0.00964 330.40260
2.10250 1.40650 0.00654 0.03534 334.58057
0.07250 1.58050 0.00172 0.18859 268.69045
3.03050 1.49350 0.00664 0.01617 173.32328
1.23250 1.43550 0.00541 0.02708 182.47668
3.08850 1.60950 0.00625 0.01237 4.26376
1.49350 1.66750 0.00594 0.00820 236.23245
3.23350 1.60950 0.00439 0.01131 122.87522
2.50850 1.63850 0.00950 0.01373 58.22024
0.47850 1.46450 0.00321 0.05132 221.05780
0.44950 1.46450 0.00321 0.04502 212.72987
1.40650 1.55150 0.00579 0.01654 199.16905
2.39250 1.40650 0.00780 0.06129 282.56227
4.27750 1.58050 0.00139 0.10500 113.53533
2.50850 1.52250 0.00893 0.01816 69.35900
0.39150 1.58050 0.00240 0.08316 242.55369
1.55150 1.43550 0.00595 0.04445 216.90599
3.32050 1.49350 0.00435 0.01234 148.98848
2.27650 1.52250 0.00787 0.07946 293.20617
1.84150 1.43550 0.00681 0.05695 225.88928
0.91350 1.46450 0.00533 0.03175 351.76015
4.62550 1.46450 0.00133 0.01371 177.40882
1.69650 1.43550 0.00644 0.06211 227.10082
0.76850 1.46450 0.00428 0.04212 209.46817
2.76950 1.63850 0.00801 0.02546 135.68414
2.68250 1.52250 0.00823 0.02417 140.05178
1.81250 1.66750 0.00686 0.05530 230.71715
2.62450 1.40650 0.00803 0.01550 172.51282
1.87050 1.66750 0.00692 0.04654 224.79108
1.66750 1.55150 0.00646 0.05520 230.63830
0.76850 1.58050 0.00255 0.07194 241.27958
0.82650 1.58050 0.00321 0.05450 245.92757
0.21750 1.60950 0.00231 0.02965 239.40414
3.98750 1.60950 0.00143 0.10918 101.53945
2.10250 1.55150 0.00672 0.04972 313.36994
0.97150 1.58050 0.00532 0.02061 347.30538
1.26150 1.46450 0.00550 0.02553 183.72750
1.17450 1.58050 0.00570 0.01497 345.61100
2.13150 1.43550 0.00659 0.04370 319.67742
0.15950 1.49350 0.00229 0.04566 257.88771
3.17550 1.52250 0.00568 0.01355 5.58862
1.95750 1.55150 0.00680 0.02966 197.64678
1.02950 1.58050 0.00561 0.02000 337.13994
4.13250 1.60950 0.00136 0.11846 107.41317
2.07350 1.66750 0.00673 0.04571 316.96821
2.30550 1.43550 0.00746 0.07444 291.81284
0.33350 1.60950 0.00235 0.06725 241.88792
2.27650 1.55150 0.00809 0.08015 292.83816
3.46550 1.52250 0.00295 0.03895 91.20636
2.53750 1.55150 0.00901 0.01222 37.01989
1.46450 1.58050 0.00589 0.01526 212.82549
3.49450 1.63850 0.00224 0.08516 266.73508
0.47850 1.49350 0.00291 0.06901 232.83286
3.46550 1.40650 0.00399 0.01779 155.13488
1.46450 1.46450 0.00578 0.03286 208.26533
4.16150 1.60950 0.00135 0.12038 108.22122
1.34850 1.58050 0.00576 0.01159 186.54226
3.20450 1.40650 0.00569 0.01755 6.54204
2.85650 1.43550 0.00707 0.02579 142.61022
0.68150 1.60950 0.00194 0.09173 219.31534
1.87050 1.58050 0.00691 0.04587 223.83410
2.56650 1.55150 0.00890 0.01222 3.56464
4.65450 1.60950 0.00128 0.01693 46.05294
4.74150 1.49350 0.00123 0.07301 86.73354
4.48050 1.49350 0.00141 0.05159 124.71271
3.78450 1.40650 0.00296 0.01888 119.44372
3.63950 1.63850 0.00181 0.11534 268.65369
1.72550 1.46450 0.00658 0.06316 228.70997
3.75550 1.52250 0.00214 0.07261 90.17360
1.69650 1.46450 0.00649 0.06181 228.09547
3.55250 1.52250 0.00257 0.05666 268.81683
1.05850 1.72550 0.00552 0.00855 327.85257
2.97250 1.66750 0.00709 0.01366 168.68184
3.11750 1.66750 0.00557 0.00921 167.71408
0.21750 1.75450 0.00186 0.09927 260.83563
2.18950 1.92850 0.00673 0.04132 319.49496
0.04350 1.75450 0.00150 0.24552 268.29151
4.10350 1.75450 0.00105 0.12063 98.17847
2.21850 1.92850 0.00692 0.04728 307.91219
3.14650 1.78350 0.00451 0.01555 100.44987
0.30450 1.87050 0.00168 0.11036 95.45953
2.18950 1.81250 0.00729 0.06782 301.44478
0.13050 1.87050 0.00149 0.20493 267.02939
2.13150 1.81250 0.00687 0.05142 314.17265
4.21950 1.87050 0.00101 0.15863 268.70683
2.30550 1.81250 0.00899 0.07538 286.76185
3.29150 1.89950 0.00268 0.08292 267.19349
1.29050 1.72550 0.00584 0.00041 353.04704
4.24850 1.75450 0.00116 0.15806 97.24731
2.39250 1.81250 0.00990 0.05141 276.75867
2.53750 1.81250 0.00976 0.01206 31.09409
2.45050 1.92850 0.00996 0.04019 84.04398
3.23350 1.66750 0.00402 0.01815 99.99701
3.46550 1.78350 0.00195 0.11927 268.54425
3.29150 1.78350 0.00292 0.05744 267.05590
2.33450 1.92850 0.00858 0.06574 282.30476
0.56550 1.75450 0.00153 0.02995 184.42365
4.65450 1.87050 0.00119 0.01935 64.86506
1.60950 1.84150 0.00626 0.02481 219.22604
3.69750 1.66750 0.00159 0.11991 269.97133
2.82750 1.69650 0.00779 0.02116 139.71593
1.63850 1.72550 0.00633 0.03580 232.30749
2.76950 1.92850 0.00790 0.01939 130.46024
4.77050 1.75450 0.00004 0.00000 180.00000
3.75550 1.66750 0.00149 0.11698 91.20502
1.89950 1.84150 0.00690 0.05446 225.63973
2.56650 1.81250 0.00955 0.01205 177.14709
3.81350 1.66750 0.00140 0.11064 92.89602
4.74150 1.75450 0.00118 0.08168 87.01044
4.48050 1.75450 0.00129 0.08793 102.98680
3.17550 1.81250 0.00402 0.02578 91.28933
4.04550 1.78350 0.00094 0.07516 98.29290
3.92950 1.66750 0.00128 0.10664 98.09135
3.95850 1.78350 0.00090 0.02702 101.70083
1.05850 1.75450 0.00539 0.00710 338.24358
3.92950 1.78350 0.00092 0.02190 99.88823
1.02950 1.87050 0.00432 0.02369 230.58465
0.04350 1.89950 0.00136 0.26470 268.57126
3.84250 1.66750 0.00136 0.10860 94.03412
1.00050 1.75450 0.00449 0.02036 235.10019
0.01450 1.78350 0.00140 0.25889 268.99297
0.30450 1.89950 0.00162 0.12073 98.71874
0.21750 1.78350 0.00179 0.11200 262.58690
2.24750 1.84150 0.00784 0.07297 293.88835
2.36350 1.84150 0.00964 0.06264 279.52848
4.27750 1.89950 0.00106 0.16685 268.58507
2.50850 1.72550 0.00978 0.01395 57.23269
4.24850 1.89950 0.00102 0.16802 267.69753
1.49350 1.87050 0.00609 0.01309 186.09375
3.32050 1.69650 0.00300 0.04625 267.22420
1.43550 1.87050 0.00604 0.01106 354.91810
1.46450 1.87050 0.00606 0.01176 359.12309
4.27750 1.78350 0.00115 0.15986 95.45239
4.16150 1.89950 0.00091 0.13590 265.02734
0.36250 1.89950 0.00161 0.10006 108.99630
2.30550 1.84150 0.00880 0.07409 286.42445
3.75550 1.69650 0.00139 0.11514 91.39839
4.65450 1.66750 0.00126 0.01734 49.86451
3.78450 1.69650 0.00134 0.11048 92.12167
3.72650 1.81250 0.00115 0.05417 90.16923
4.65450 1.78350 0.00122 0.01849 59.34440
4.77050 1.78350 0.00004 0.00000 180.00000
2.56650 1.84150 0.00956 0.01203 0.66675
3.52350 1.92850 0.00144 0.13530 91.07142
4.53850 1.89950 0.00122 0.05666 100.48485
2.71150 1.72550 0.00844 0.02486 131.80390
4.65450 1.89950 0.00118 0.01947 66.25266
3.58150 1.81250 0.00149 0.12822 90.27258
1.87050 1.75450 0.00691 0.05053 226.16260
2.01550 1.87050 0.00685 0.04145 204.25863
0.13050 1.69650 0.00176 0.14818 265.84744
1.23250 1.89950 0.00589 0.01152 345.26403
4.01650 1.92850 0.00056 0.19486 274.61249
2.10250 1.87050 0.00675 0.03718 342.51543
2.94350 1.72550 0.00724 0.01302 163.80670
3.95850 1.69650 0.00117 0.10114 99.53869
0.24650 1.81250 0.00177 0.11535 264.51281
0.18850 1.69650 0.00194 0.08734 260.63689
0.24650 1.69650 0.00205 0.06996 253.79024
1.20350 1.78350 0.00586 0.00192 335.03721
2.13150 1.75450 0.00695 0.06071 307.87416
1.95750 1.75450 0.00688 0.03633 205.69048
1.31950 1.89950 0.00595 0.01321 347.62648
0.53650 1.92850 0.00142 0.07043 158.14421
2.27650 1.75450 0.00876 0.07967 290.60739
4.45150 1.81250 0.00125 0.10625 98.20332
1.55150 1.89950 0.00616 0.01956 194.74654
1.29050 1.78350 0.00588 0.00070 184.08562
4.30650 1.69650 0.00127 0.14446 102.01387
3.43650 1.84150 0.00193 0.12439 268.80229
4.39350 1.92850 0.00116 0.13765 90.72011
4.33550 1.69650 0.00128 0.13843 102.33846
4.45150 1.92850 0.00119 0.10769 93.22056
1.40650 1.89950 0.00601 0.01469 350.71719
1.46450 1.78350 0.00598 0.00301 226.88228
4.65450 1.69650 0.00125 0.01754 52.13074
4.48050 1.81250 0.00126 0.09025 99.67627
3.78450 1.84150 0.00095 0.03007 275.72576
0.88450 1.69650 0.00290 0.05366 260.27964
2.85650 1.87050 0.00752 0.01383 143.26271
0.79750 1.81250 0.00144 0.16854 286.41889
4.74150 1.81250 0.00116 0.08322 87.15547
2.62450 1.87050 0.00910 0.01768 142.09943
0.79750 1.69650 0.00190 0.03112 357.97431
0.88450 1.81250 0.00238 0.02595 195.14474
4.62550 1.81250 0.00123 0.01086 167.55134
4.56750 1.81250 0.00125 0.04067 109.00080
1.69650 1.89950 0.00642 0.04081 224.06667
4.01650 1.84150 0.00077 0.01839 278.79118
4.01650 1.72550 0.00108 0.09807 100.85618
3.03050 1.75450 0.00632 0.00905 174.48465
0.21750 1.95750 0.00146 0.17907 94.29466
0.18850 1.72550 0.00187 0.10084 261.47457
2.91450 1.87050 0.00714 0.01006 158.43116
3.14650 1.87050 0.00422 0.02574 90.46744
0.13050 1.84150 0.00154 0.19576 266.39172
1.95750 1.89950 0.00688 0.05312 221.44365
1.05850 1.92850 0.00472 0.01594 209.34796
1.14550 1.92850 0.00577 0.01268 339.83541
2.13150 1.89950 0.00671 0.03763 338.50114
2.10250 1.78350 0.00682 0.04766 317.51688
1.49350 1.92850 0.00609 0.02017 358.72129
0.59450 1.95750 0.00126 0.04932 10.75169
2.47950 1.78350 0.01002 0.02239 77.04374
1.52250 1.69650 0.00600 0.00996 240.31936
2.45050 1.78350 0.01011 0.03087 86.60194
0.39150 1.72550 0.00187 0.10152 251.41156
0.62350 1.72550 0.00145 0.06074 337.26839
1.55150 1.81250 0.00614 0.01413 215.61308
3.49450 1.87050 0.00164 0.13692 269.96652
2.42150 1.78350 0.01009 0.04031 272.98590
0.44950 1.95750 0.00147 0.10313 135.20820
1.43550 1.69650 0.00587 0.00270 95.94247
3.32050 1.87050 0.00250 0.08878 267.36608
4.68350 1.84150 0.00119 0.03698 78.78731
0.79750 1.84150 0.00136 0.21548 285.63385
0.91350 1.72550 0.00317 0.04466 256.69190
4.62550 1.84150 0.00122 0.01011 169.40123
2.68250 1.78350 0.00867 0.02314 131.79394
0.94250 1.84150 0.00311 0.03861 227.08848
0.65250 1.72550 0.00139 0.07607 322.58479
0.76850 1.95750 0.00070 0.55905 283.79339
3.66850 1.87050 0.00117 0.05746 90.70793
3.78450 1.75450 0.00118 0.07434 91.61104
0.68150 1.72550 0.00137 0.09065 313.36393
2.65350 1.89950 0.00883 0.01976 135.77921
2.74050 1.89950 0.00814 0.02130 129.39918
2.16050 2.16050 0.00618 0.03850 348.12974
4.13250 1.98650 0.00078 0.09523 257.18667
3.08850 2.13150 0.00419 0.02431 266.69859
3.98750 2.10250 0.00027 0.46858 271.34027
0.30450 1.98650 0.00145 0.15360 106.91433
0.18850 1.98650 0.00138 0.20496 93.65899
4.13250 2.10250 0.00072 0.09072 254.56209
4.10350 2.10250 0.00066 0.04562 241.68223
2.94350 2.01550 0.00642 0.00648 160.89365
0.21750 2.10250 0.00127 0.21306 98.55643
1.20350 2.07350 0.00526 0.02451 343.72390
2.13150 2.04450 0.00652 0.03964 196.26310
3.00150 2.01550 0.00576 0.00611 126.81361
0.62350 2.10250 0.00100 0.07685 67.35548
1.49350 2.07350 0.00552 0.03089 356.25009
1.49350 2.18950 0.00486 0.02730 185.71895
4.33550 1.98650 0.00108 0.16057 266.98346
3.34950 2.01550 0.00214 0.12640 268.39514
1.29050 2.18950 0.00468 0.02145 340.83854
0.50750 1.98650 0.00138 0.10410 143.80712
1.40650 1.95750 0.00595 0.02276 350.08243
1.55150 2.18950 0.00495 0.03183 198.42356
1.29050 1.95750 0.00586 0.02047 348.01474
2.27650 2.04450 0.00686 0.04874 298.58419
2.33450 2.16050 0.00759 0.06572 284.64948
1.55150 1.95750 0.00609 0.02441 186.68241
0.76850 1.98650 0.00053 0.63310 283.81258
2.71150 2.16050 0.00744 0.01916 131.23374
0.65250 2.10250 0.00084 0.18318 272.76291
2.59550 2.16050 0.00840 0.01198 176.26549
0.85550 2.10250 0.00078 0.54263 284.27927
3.58150 2.13150 0.00107 0.08894 93.39710
1.69650 2.18950 0.00537 0.05072 222.97882
3.61050 2.13150 0.00101 0.05150 94.08641
1.69650 2.07350 0.00594 0.04068 215.99941
2.82750 2.16050 0.00655 0.01309 140.26726
3.69750 2.13150 0.00079 0.15189 273.15137
0.91350 2.10250 0.00146 0.30453 285.20677
0.94250 2.21850 0.00209 0.12861 290.91948
2.94350 2.16050 0.00554 0.00533 158.05875
1.26150 2.21850 0.00454 0.01891 337.46169
3.05950 2.04450 0.00496 0.01551 92.58746
4.07450 2.13150 0.00059 0.03767 296.89152
3.95850 2.01550 0.00020 0.59387 271.02176
1.00050 2.21850 0.00287 0.03571 305.44815
4.13250 2.01550 0.00076 0.09105 256.40636
1.02950 2.21850 0.00334 0.01453 191.91302
2.16050 2.18950 0.00613 0.04071 340.31872
0.15950 2.01550 0.00132 0.22757 92.86127
4.04550 2.01550 0.00051 0.19767 273.06230
2.91450 2.04450 0.00655 0.00762 158.18462
1.14550 2.21850 0.00448 0.01526 321.30501
4.19050 2.13150 0.00081 0.15168 260.72397
1.40650 2.21850 0.00463 0.02167 352.49448
3.26250 2.16050 0.00255 0.09553 266.54937
0.53650 2.01550 0.00132 0.10407 145.51898
3.23350 2.04450 0.00319 0.07772 266.32618
0.56550 2.13150 0.00119 0.08614 152.25695
2.53750 2.07350 0.00928 0.01823 52.53297
1.49350 1.98650 0.00595 0.02658 355.51202
4.24850 2.01550 0.00095 0.17290 263.43439
0.59450 2.01550 0.00120 0.05768 172.94891
1.34850 1.98650 0.00583 0.02571 348.76436
1.31950 2.21850 0.00456 0.01978 342.58203
0.53650 2.13150 0.00123 0.11091 143.72728
2.62450 2.07350 0.00862 0.01507 151.49577
0.79750 2.13150 0.00045 0.67138 283.93917
1.69650 2.21850 0.00527 0.05313 224.21455
2.74050 2.07350 0.00764 0.01924 130.04576
2.62450 1.95750 0.00898 0.01645 146.37754
4.68350 2.01550 0.00114 0.03775 80.90193
3.66850 2.16050 0.00086 0.05021 275.69242
2.56650 1.95750 0.00945 0.01296 17.33029
4.50950 2.01550 0.00117 0.07418 94.58532
4.65450 2.13150 0.00112 0.01797 68.31699
2.76950 1.95750 0.00782 0.01903 130.46088
1.89950 2.10250 0.00639 0.06521 230.76933
1.60950 2.21850 0.00496 0.03997 213.60260
0.10150 2.04450 0.00125 0.26121 91.31840
1.11650 2.01550 0.00533 0.01710 343.41949
3.11750 2.07350 0.00419 0.03223 266.33494
3.17550 2.07350 0.00365 0.05389 265.66897
3.11750 1.95750 0.00444 0.02585 268.89190
2.91450 1.95750 0.00690 0.00848 158.27385
1.14550 2.13150 0.00485 0.01810 332.45817
3.95850 2.04450 0.00018 0.60071 271.01489
1.14550 2.01550 0.00548 0.01959 343.02627
4.13250 2.04450 0.00074 0.09178 255.24754
1.98650 1.98650 0.00679 0.05838 224.33380
3.87150 2.04450 0.00007 0.69959 270.30057
0.04350 2.04450 0.00123 0.28360 90.27678
0.36250 2.04450 0.00136 0.15869 117.97160
2.50850 2.21850 0.00848 0.02322 72.58711
3.34950 2.07350 0.00208 0.13200 268.46322
0.33350 2.04450 0.00136 0.16619 113.31629
1.34850 2.13150 0.00504 0.02741 346.34900
0.53650 2.16050 0.00123 0.10235 146.22609
3.20450 2.07350 0.00340 0.06653 265.94015
2.27650 1.98650 0.00714 0.05204 295.82643
2.36350 1.98650 0.00868 0.06452 277.68678
2.30550 2.10250 0.00704 0.05832 290.45485
0.47850 2.16050 0.00126 0.12389 138.01966
2.47950 2.21850 0.00855 0.03181 82.04823
0.53650 2.04450 0.00129 0.11209 143.29878
4.77050 2.04450 0.00004 0.00000 180.00000
3.69750 2.18950 0.00076 0.13340 275.09216
0.65250 2.04450 0.00087 0.18797 273.51359
4.59650 2.16050 0.00112 0.02503 107.21885
4.62550 2.04450 0.00115 0.00716 170.27467
0.73950 2.16050 0.00038 0.65434 282.68799
2.85650 2.21850 0.00592 0.01026 148.43275
2.85650 1.98650 0.00721 0.01187 144.11454
3.61050 2.18950 0.00098 0.06271 92.12921
1.72550 2.01550 0.00624 0.04234 220.94915
1.63850 2.13150 0.00545 0.03867 209.56843
3.75550 1.95750 0.00071 0.28360 272.62935
4.74150 2.16050 0.00108 0.08515 87.50957
3.14650 1.98650 0.00406 0.03755 266.77870
4.04550 2.18950 0.00050 0.17612 272.89668
0.15950 2.18950 0.00125 0.22687 92.62240
0.21750 2.18950 0.00127 0.19654 96.48860
2.10250 2.13150 0.00636 0.04432 201.58053
1.98650 2.13150 0.00644 0.06178 225.11148
0.27550 2.07350 0.00131 0.18928 104.95618
3.11750 2.10250 0.00407 0.03300 265.98613
2.97250 2.21850 0.00477 0.00408 136.68760
2.07350 2.13150 0.00640 0.04934 210.48380
1.26150 2.04450 0.00548 0.02729 346.93141
3.08850 1.98650 0.00475 0.01994 90.66085
0.07250 2.07350 0.00122 0.27614 90.93375
4.45150 2.18950 0.00109 0.11105 91.21778
3.37850 2.21850 0.00161 0.14321 268.57560
3.43650 2.10250 0.00152 0.15482 90.31456
3.23350 2.10250 0.00307 0.08097 266.21840
0.36250 2.07350 0.00132 0.16383 117.97436
4.21950 2.07350 0.00088 0.16525 261.68406
3.29150 2.21850 0.00206 0.10759 266.77113
1.49350 2.16050 0.00501 0.02886 183.05870
0.44950 2.18950 0.00127 0.11787 133.91726
2.36350 2.01550 0.00850 0.06444 277.75035
3.32050 2.21850 0.00190 0.12091 267.34063
2.30550 2.01550 0.00732 0.05817 289.03299
0.33350 2.18950 0.00129 0.14728 112.05786
1.72550 2.16050 0.00561 0.05210 224.59564
4.50950 1.95750 0.00119 0.07380 95.91839
1.89950 2.04450 0.00657 0.06389 230.90745
3.61050 2.21850 0.00097 0.07315 91.77841
0.79750 2.18950 0.00058 0.61070 284.40533
0.65250 2.18950 0.00085 0.20188 275.66569
2.59550 2.13150 0.00858 0.01231 176.64720
1.60950 2.04450 0.00585 0.03155 196.06263
3.52350 2.21850 0.00115 0.14159 91.35574
3.81350 2.21850 0.00035 0.44476 271.40689
2.85650 2.13150 0.00651 0.01087 146.13458
1.87050 2.04450 0.00651 0.06193 230.77959
1.81250 2.16050 0.00594 0.06209 229.83408
3.84250 2.33450 0.00062 0.08158 278.56515
4.07450 2.21850 0.00062 0.01411 343.02859
4.10350 2.33450 0.00074 0.10142 268.66660
2.91450 2.47950 0.00366 0.00486 160.14787
2.21850 2.39250 0.00590 0.08430 299.28037
0.27550 2.45050 0.00153 0.07137 256.01244
2.97250 2.36350 0.00366 0.00194 112.73341
0.13050 2.45050 0.00143 0.17548 265.36515
0.07250 2.33450 0.00130 0.24953 267.76528
3.17550 2.24750 0.00265 0.05365 263.82609
0.04350 2.33450 0.00128 0.26499 268.43005
4.04550 2.33450 0.00067 0.03605 265.52937
1.08750 2.30550 0.00405 0.01199 314.49297
3.23350 2.47950 0.00158 0.06250 254.13141
1.34850 2.42150 0.00385 0.01990 192.50695
1.46450 2.42150 0.00403 0.02996 210.46845
3.34950 2.47950 0.00137 0.10307 260.06609
3.34950 2.24750 0.00168 0.13181 267.74344
4.42250 2.21850 0.00106 0.12548 90.51139
4.24850 2.21850 0.00089 0.17168 264.88715
0.56550 2.45050 0.00126 0.04212 199.16616
4.33550 2.21850 0.00099 0.16023 267.44599
3.23350 2.24750 0.00228 0.07916 265.18827
3.49450 2.36350 0.00118 0.15263 268.21290
4.24850 2.45050 0.00092 0.15536 95.09993
4.42250 2.33450 0.00103 0.12155 93.56604
4.50950 2.33450 0.00107 0.07931 97.08380
3.58150 2.24750 0.00102 0.11248 91.79341
4.56750 2.45050 0.00106 0.04279 105.89757
3.66850 2.47950 0.00099 0.13248 267.15746
3.61050 2.47950 0.00105 0.14044 266.27657
2.85650 2.39250 0.00470 0.00959 149.74356
3.72650 2.47950 0.00093 0.12033 267.99504
0.71050 2.45050 0.00109 0.10272 301.85817
1.84150 2.30550 0.00563 0.06498 227.16402
2.65350 2.27650 0.00714 0.01589 140.64212
4.77050 2.21850 0.00004 0.00000 180.00000
1.66750 2.30550 0.00490 0.05594 225.81835
4.71250 2.33450 0.00107 0.05340 84.26058
0.07250 2.47950 0.00141 0.22697 267.38632
2.16050 2.30550 0.00588 0.05806 314.16261
1.17450 2.33450 0.00408 0.01406 325.92578
1.11650 2.33450 0.00409 0.01400 311.90204
1.23250 2.45050 0.00370 0.01813 357.37591
4.07450 2.24750 0.00063 0.01885 219.25306
2.88550 2.39250 0.00442 0.00685 160.29555
1.14550 2.45050 0.00372 0.01654 340.46966
3.08850 2.39250 0.00245 0.02105 249.79127
2.01550 2.30550 0.00585 0.04241 194.65554
2.94350 2.27650 0.00462 0.00391 163.04811
0.04350 2.24750 0.00122 0.27523 269.42752
3.84250 2.47950 0.00085 0.10000 91.33515
2.27650 2.42150 0.00607 0.08851 294.07751
0.42050 2.36350 0.00138 0.06705 98.93131
2.42150 2.42150 0.00667 0.04944 280.71220
0.33350 2.24750 0.00132 0.11889 108.46238
3.49450 2.39250 0.00118 0.15228 267.49705
4.16150 2.47950 0.00088 0.15002 96.57217
2.24750 2.42150 0.00590 0.09029 296.40329
4.16150 2.36350 0.00081 0.14635 90.41890
3.23350 2.39250 0.00176 0.06908 260.24860
1.58050 2.45050 0.00432 0.05281 221.72995
4.42250 2.36350 0.00103 0.11907 94.49909
4.21950 2.36350 0.00087 0.16125 90.75329
1.29050 2.45050 0.00373 0.01988 186.26698
0.76850 2.47950 0.00127 0.06621 317.19131
2.74050 2.30550 0.00627 0.01795 132.69676
0.79750 2.24750 0.00087 0.44427 284.63243
4.50950 2.24750 0.00109 0.08020 95.01461
4.48050 2.36350 0.00106 0.09234 96.57317
4.62550 2.24750 0.00110 0.01034 138.72545
2.71150 2.42150 0.00564 0.01839 134.62552
3.75550 2.39250 0.00082 0.06558 265.16308
0.85550 2.36350 0.00154 0.07574 296.22673
0.79750 2.47950 0.00139 0.04256 327.41523
4.48050 2.24750 0.00108 0.09608 93.43684
4.56750 2.24750 0.00110 0.04603 100.14787
2.76950 2.42150 0.00525 0.01703 135.21406
3.84250 2.27650 0.00048 0.25796 273.25573
1.98650 2.45050 0.00537 0.03250 185.43866
4.07450 2.27650 0.00066 0.04301 255.55342
1.20350 2.24750 0.00440 0.01619 329.10909
2.21850 2.45050 0.00554 0.08504 299.13313
0.07250 2.27650 0.00125 0.25854 268.78768
1.02950 2.24750 0.00341 0.01786 214.64239
3.14650 2.30550 0.00250 0.04061 260.86012
3.90050 2.27650 0.00043 0.29854 273.76620
0.15950 2.50850 0.00152 0.11887 263.32874
0.97150 2.36350 0.00279 0.03136 240.44320
1.98650 2.33450 0.00577 0.04308 199.95356
1.14550 2.47950 0.00364 0.01784 345.38723
1.52250 2.47950 0.00409 0.04603 216.81264
0.53650 2.50850 0.00137 0.09225 225.79493
3.26250 2.42150 0.00161 0.07836 259.99075
1.55150 2.47950 0.00418 0.05094 219.06385
1.52250 2.24750 0.00466 0.02794 199.94631
2.33450 2.45050 0.00611 0.07933 289.76653
3.49450 2.42150 0.00118 0.14891 266.59287
1.46450 2.24750 0.00457 0.02230 185.86912
1.55150 2.36350 0.00437 0.03852 218.15806
0.33350 2.50850 0.00160 0.06801 248.27838
0.59450 2.50850 0.00130 0.08129 205.04244
1.34850 2.24750 0.00445 0.01806 345.17893
1.43550 2.24750 0.00453 0.02067 359.86140
0.73950 2.50850 0.00130 0.06256 345.15295
1.87050 2.24750 0.00586 0.06503 227.57993
2.71150 2.45050 0.00544 0.01839 135.39666
3.72650 2.42150 0.00088 0.09811 267.49396
3.55250 2.30550 0.00108 0.13837 90.11594
0.91350 2.39250 0.00213 0.03551 245.70162
3.69750 2.42150 0.00091 0.10947 267.73303
1.87050 2.47950 0.00525 0.04881 218.07679
2.68250 2.45050 0.00561 0.01703 139.04832
0.82650 2.50850 0.00162 0.03598 223.91908
1.69650 2.24750 0.00517 0.05554 225.83158
1.81250 2.36350 0.00539 0.06340 226.07369
3.66850 2.42150 0.00094 0.12128 267.98713
3.92950 2.30550 0.00051 0.18342 275.28351
3.11750 2.33450 0.00254 0.03001 257.78390
1.02950 2.27650 0.00343 0.01626 212.89828
2.91450 2.45050 0.00379 0.00457 162.67591
3.84250 2.42150 0.00077 0.05706 267.64959
0.21750 2.42150 0.00147 0.10459 261.81489
1.20350 2.39250 0.00386 0.01468 341.89838
3.03050 2.45050 0.00264 0.00887 235.61124
3.87150 2.30550 0.00053 0.18299 275.06970
1.14550 2.50850 0.00358 0.01913 348.97196
1.00050 2.50850 0.00331 0.01401 357.66853
1.95750 2.47950 0.00530 0.03327 197.76501
2.88550 2.45050 0.00409 0.00710 157.47943
2.36350 2.47950 0.00590 0.07246 287.73232
4.16150 2.42150 0.00085 0.15033 93.73016
3.20450 2.33450 0.00206 0.06140 261.92929
0.44950 2.42150 0.00139 0.06720 257.06801
1.58050 2.27650 0.00469 0.03814 214.82342
1.58050 2.50850 0.00424 0.05771 219.87548
2.39250 2.47950 0.00595 0.06264 285.23426
1.31950 2.27650 0.00432 0.01635 343.99204
3.43650 2.33450 0.00131 0.15124 267.98042
4.19050 2.42150 0.00087 0.15614 93.69032
2.45050 2.24750 0.00837 0.04019 89.42977
2.24750 2.24750 0.00648 0.06811 299.38387
2.53750 2.47950 0.00593 0.01717 73.38068
2.71150 2.36350 0.00606 0.01839 133.41375
2.71150 2.47950 0.00524 0.01830 136.48356
4.50950 2.42150 0.00106 0.07394 99.81901
1.69650 2.39250 0.00487 0.06416 227.07155
1.89950 2.50850 0.00521 0.04214 213.81452
2.59550 2.36350 0.00681 0.01020 175.04973
4.74150 2.42150 0.00105 0.08125 87.27704
1.66750 2.27650 0.00497 0.05363 224.76583
1.60950 2.50850 0.00434 0.06195 221.40082
3.52350 2.45050 0.00114 0.14794 266.05814
3.55250 2.45050 0.00111 0.14689 266.44045
1.75450 2.50850 0.00486 0.06494 224.17023
1.87050 2.50850 0.00516 0.04782 218.00109
3.90050 2.56650 0.00093 0.11387 95.16937
1.23250 2.65350 0.00335 0.02629 183.13994
2.21850 2.74050 0.00419 0.03459 324.65105
1.17450 2.65350 0.00333 0.02463 359.69759
0.24650 2.68250 0.00185 0.01878 353.39708
0.21750 2.68250 0.00179 0.01741 205.99108
2.18950 2.50850 0.00510 0.07301 302.48203
1.00050 2.65350 0.00332 0.02340 346.48046
2.97250 2.71150 0.00288 0.01056 163.09281
2.94350 2.59550 0.00309 0.00536 157.64311
1.05850 2.76950 0.00319 0.02875 357.40830
3.98750 2.68250 0.00099 0.06547 103.17237
0.10150 2.56650 0.00149 0.17541 266.74824
2.53750 2.50850 0.00565 0.01914 76.58809
3.20450 2.59550 0.00158 0.03991 243.58906
2.53750 2.74050 0.00388 0.04664 270.71248
1.46450 2.53750 0.00386 0.04295 209.04165
0.36250 2.56650 0.00168 0.06195 241.10169
2.36350 2.50850 0.00557 0.07387 288.17494
1.43550 2.65350 0.00359 0.04133 199.12322
1.37750 2.76950 0.00326 0.03225 187.80597
0.56550 2.56650 0.00145 0.11449 229.66196
2.36350 2.74050 0.00393 0.06649 292.83198
4.33550 2.68250 0.00101 0.07209 109.91045
3.43650 2.71150 0.00143 0.03864 236.22768
1.40650 2.76950 0.00329 0.03348 189.42012
3.81350 2.71150 0.00107 0.03310 247.26962
0.85550 2.56650 0.00201 0.06143 251.10787
1.66750 2.65350 0.00418 0.06760 218.84512
1.75450 2.53750 0.00479 0.06469 223.59702
1.60950 2.65350 0.00401 0.06393 215.35327
3.69750 2.71150 0.00120 0.03766 229.78151
2.74050 2.62450 0.00425 0.01838 142.05118
1.89950 2.53750 0.00511 0.04176 214.51206
1.63850 2.53750 0.00439 0.06524 221.43296
2.62450 2.74050 0.00389 0.02194 65.80679
1.72550 2.53750 0.00470 0.06702 223.54298
2.85650 2.50850 0.00408 0.01111 146.12391
0.71050 2.56650 0.00144 0.08343 215.14168
2.10250 2.76950 0.00431 0.03301 198.74780
3.00150 2.62450 0.00260 0.00198 123.44899
3.11750 2.74050 0.00211 0.00475 140.37970
0.01450 2.59550 0.00140 0.23875 269.30403
1.02950 2.68250 0.00331 0.02438 350.24794
3.95850 2.71150 0.00101 0.04350 102.35879
2.04450 2.65350 0.00469 0.02791 187.34910
3.98750 2.59550 0.00094 0.11154 99.39645
0.21750 2.59550 0.00169 0.02932 240.04180
2.94350 2.62450 0.00307 0.00665 159.76663
2.18950 2.65350 0.00449 0.04328 314.21364
1.95750 2.65350 0.00475 0.03811 211.65478
2.07350 2.76950 0.00434 0.03624 206.02067
2.33450 2.76950 0.00388 0.05563 298.81350
3.46550 2.50850 0.00122 0.12761 261.86863
1.43550 2.56650 0.00375 0.04111 204.58238
0.59450 2.59550 0.00150 0.11454 232.02455
4.42250 2.59550 0.00102 0.07788 104.69114
1.46450 2.56650 0.00382 0.04490 207.60937
0.53650 2.71150 0.00197 0.06656 233.79985
2.24750 2.76950 0.00406 0.03559 322.16737
3.43650 2.62450 0.00128 0.07790 247.97871
3.26250 2.62450 0.00146 0.04719 242.82677
3.34950 2.50850 0.00135 0.09758 258.07052
3.40750 2.74050 0.00153 0.02630 241.71990
3.29150 2.50850 0.00144 0.07858 255.29355
1.78350 2.68250 0.00441 0.06508 222.05396
4.48050 2.59550 0.00104 0.06032 106.38900
2.76950 2.65350 0.00402 0.01887 141.60573
3.61050 2.62450 0.00115 0.08841 253.51428
2.65350 2.65350 0.00433 0.01230 17.06506
2.82750 2.76950 0.00346 0.02120 143.22741
3.72650 2.62450 0.00106 0.08888 260.53238
0.68150 2.71150 0.00200 0.08016 239.98383
2.56650 2.76950 0.00373 0.04152 86.67244
4.68350 2.59550 0.00105 0.03246 78.71776
3.58150 2.50850 0.00110 0.13811 264.52801
3.55250 2.62450 0.00119 0.08691 251.25442
0.85550 2.59550 0.00214 0.05554 246.08884
4.07450 2.50850 0.00087 0.13598 98.02344
3.17550 2.53750 0.00167 0.03938 244.76248
2.88550 2.76950 0.00328 0.02046 144.77164
1.00050 2.59550 0.00332 0.01976 346.77940
0.97150 2.59550 0.00321 0.01908 357.20657
2.94350 2.65350 0.00304 0.00847 156.76587
2.97250 2.76950 0.00291 0.01557 158.32842
3.92950 2.50850 0.00085 0.11111 95.55718
0.01450 2.74050 0.00145 0.20903 269.50934
1.20350 2.59550 0.00342 0.02401 180.93059
3.95850 2.62450 0.00096 0.09942 99.14399
3.14650 2.65350 0.00180 0.01791 238.98138
2.01550 2.68250 0.00464 0.03312 203.24402
3.29150 2.76950 0.00171 0.01040 269.77963
2.42150 2.68250 0.00417 0.06983 284.74273
0.47850 2.62450 0.00168 0.09844 242.60716
3.49450 2.65350 0.00128 0.06873 245.92240
4.45150 2.74050 0.00103 0.03942 117.15001
1.46450 2.71150 0.00350 0.04189 197.99375
3.40750 2.76950 0.00161 0.01572 251.64573
0.44950 2.74050 0.00209 0.03627 191.09615
2.33450 2.56650 0.00494 0.07983 291.35493
2.36350 2.68250 0.00418 0.07252 290.97681
4.39350 2.50850 0.00101 0.10777 99.48505
3.23350 2.76950 0.00182 0.00703 111.01410
4.27750 2.74050 0.00101 0.05565 116.47756
0.65250 2.74050 0.00219 0.06759 230.60144
4.59650 2.74050 0.00104 0.00967 169.68985
3.75550 2.65350 0.00107 0.06978 258.27458
2.59550 2.56650 0.00503 0.01249 45.71373
4.74150 2.62450 0.00103 0.07773 87.48579
1.63850 2.71150 0.00392 0.06368 214.92789
3.55250 2.53750 0.00114 0.12794 261.95730
1.63850 2.59550 0.00425 0.06638 219.41876
1.69650 2.59550 0.00444 0.06784 221.63003
2.68250 2.56650 0.00479 0.01514 150.47110
3.78450 2.53750 0.00095 0.11727 269.35505
2.85650 2.56650 0.00386 0.01284 144.31709
1.89950 2.71150 0.00451 0.05315 220.59779
4.01650 2.76950 0.00101 0.01903 120.01373
0.07250 2.53750 0.00145 0.21523 267.60874
2.10250 2.71150 0.00446 0.02868 181.51847
0.18850 2.53750 0.00158 0.07293 259.05216
3.11750 2.68250 0.00198 0.00858 245.04765
0.10150 2.76950 0.00157 0.12233 267.55439
2.10250 2.59550 0.00476 0.03351 326.77470
3.14650 2.68250 0.00185 0.01317 242.94858
3.95850 2.65350 0.00098 0.08135 99.86641
3.92950 2.53750 0.00089 0.11612 96.05085
0.30450 2.65350 0.00188 0.02247 352.78958
2.13150 2.59550 0.00473 0.03994 318.17702
0.24650 2.53750 0.00165 0.04001 244.71580
0.33350 2.76950 0.00203 0.03289 327.04916
0.53650 2.53750 0.00141 0.10824 229.92807
0.39150 2.76950 0.00208 0.03432 339.55337
0.53650 2.65350 0.00174 0.09842 240.21541
4.45150 2.53750 0.00103 0.08162 102.22958
2.33450 2.71150 0.00407 0.06483 295.36341
4.24850 2.76950 0.00101 0.04544 122.06018
0.33350 2.65350 0.00189 0.02510 188.66285
0.42050 2.65350 0.00184 0.05247 230.39714
0.56550 2.53750 0.00139 0.10437 223.88979
4.39350 2.53750 0.00101 0.10101 100.94059
3.49450 2.68250 0.00133 0.05411 240.81067
3.37850 2.68250 0.00141 0.04695 241.94474
3.75550 2.56650 0.00099 0.11458 267.27868
0.91350 2.53750 0.00243 0.04031 251.09763
0.76850 2.53750 0.00146 0.05554 208.84921
3.81350 2.68250 0.00105 0.05007 258.54867
1.69650 2.74050 0.00396 0.06605 217.94041
0.94250 2.76950 0.00319 0.02993 354.93904
0.82650 2.53750 0.00171 0.05367 241.47219
0.71050 2.65350 0.00177 0.09368 239.70438
0.85550 2.53750 0.00190 0.05217 248.72277
3.69750 2.56650 0.00103 0.11706 264.59331
3.63950 2.68250 0.00122 0.05356 240.90799
2.82750 2.71150 0.00361 0.01999 141.23279
4.65450 2.53750 0.00106 0.01521 57.78302
3.00150 2.82750 0.00281 0.01861 160.64022
1.00050 3.00150 0.00290 0.03198 188.72301
2.91450 2.82750 0.00309 0.02166 147.36650
1.98650 2.85650 0.00405 0.05735 223.40337
4.07450 2.79850 0.00101 0.01780 131.51594
3.05950 2.82750 0.00258 0.01652 172.48786
0.30450 2.91450 0.00186 0.02438 312.45704
2.21850 2.97250 0.00363 0.03541 208.08486
3.87150 3.03050 0.00105 0.01551 359.44590
2.10250 2.97250 0.00369 0.05288 224.64756
3.14650 2.94350 0.00250 0.02385 173.57226
0.15950 2.79850 0.00168 0.04536 259.58443
1.23250 2.88550 0.00312 0.03656 359.60821
0.33350 2.91450 0.00188 0.02543 313.29518
3.29150 2.82750 0.00190 0.01162 170.18911
3.26250 2.82750 0.00195 0.01214 175.22852
0.53650 2.91450 0.00205 0.02286 322.98471
3.40750 2.94350 0.00214 0.02702 3.60675
0.62350 2.79850 0.00247 0.04794 206.20692
3.29150 2.94350 0.00226 0.02610 4.39534
0.42050 2.91450 0.00191 0.02307 317.05481
4.36450 3.03050 0.00101 0.00490 27.97625
0.59450 2.91450 0.00220 0.02360 333.31554
1.55150 3.00150 0.00311 0.03592 354.95288
3.37850 2.94350 0.00217 0.02697 4.23090
4.39350 2.79850 0.00102 0.03408 124.39422
4.59650 2.79850 0.00104 0.00919 20.30798
1.72550 2.88550 0.00349 0.05402 212.92515
0.91350 2.79850 0.00314 0.03165 356.88444
1.66750 3.00150 0.00313 0.03628 187.63430
2.62450 2.97250 0.00299 0.04802 84.15525
2.56650 2.85650 0.00337 0.05176 89.67899
4.50950 2.79850 0.00103 0.02084 130.15403
2.85650 2.97250 0.00294 0.02145 154.92824
4.50950 2.91450 0.00103 0.01014 168.91171
0.94250 2.91450 0.00304 0.03304 183.07112
1.89950 3.00150 0.00339 0.05775 221.96804
3.75550 2.82750 0.00126 0.01375 194.83477
3.78450 2.82750 0.00119 0.01402 192.77709
3.92950 2.82750 0.00103 0.00577 199.97462
1.08750 3.03050 0.00288 0.03730 189.67697
3.17550 2.97250 0.00249 0.02534 173.56492
0.97150 2.91450 0.00304 0.03402 182.57733
2.97250 2.97250 0.00281 0.02574 148.21168
1.92850 3.00150 0.00343 0.06007 224.29185
2.21850 2.88550 0.00384 0.03011 189.75008
0.27550 3.05950 0.00171 0.01469 314.75173
1.05850 2.91450 0.00305 0.03700 181.65737
0.13050 3.05950 0.00162 0.03085 265.42608
4.04550 2.82750 0.00101 0.00686 139.37155
2.01550 3.00150 0.00355 0.06098 227.51206
1.20350 3.03050 0.00295 0.04315 185.49258
0.56550 3.05950 0.00176 0.00623 42.72497
0.50750 3.05950 0.00172 0.00256 161.06930
2.24750 3.00150 0.00354 0.03278 204.10979
3.29150 2.97250 0.00233 0.02779 2.16536
2.42150 2.88550 0.00344 0.06070 289.87988
1.55150 2.91450 0.00318 0.03526 187.41320
4.27750 2.82750 0.00101 0.02677 134.63680
1.58050 3.03050 0.00309 0.03624 352.83577
3.23350 2.85650 0.00210 0.01735 6.98574
1.49350 2.91450 0.00316 0.03440 182.86573
3.34950 2.97250 0.00226 0.02882 3.20188
0.62350 2.94350 0.00218 0.01951 324.17557
3.26250 2.97250 0.00237 0.02716 0.94922
0.88450 2.82750 0.00311 0.03284 359.05795
1.69650 2.79850 0.00374 0.06159 215.64366
3.69750 2.85650 0.00151 0.00529 222.39744
1.69650 2.91450 0.00334 0.04640 206.42699
4.71250 2.94350 0.00102 0.05261 87.16750
4.62550 2.94350 0.00103 0.02041 75.67786
1.75450 3.03050 0.00312 0.03916 197.61590
2.85650 2.88550 0.00312 0.02238 148.33380
3.72650 2.97250 0.00153 0.00164 136.48146
1.63850 2.79850 0.00360 0.05504 210.11031
3.66850 2.85650 0.00162 0.00432 269.46950
0.73950 2.94350 0.00268 0.02224 181.44304
3.52350 2.85650 0.00186 0.01312 164.43849
3.05950 2.88550 0.00265 0.02104 166.41952
4.04550 2.85650 0.00101 0.00217 40.88777
2.88550 2.88550 0.00308 0.02350 146.41811
3.84250 2.85650 0.00109 0.01245 183.45292
3.14650 3.00150 0.00253 0.02530 166.02418
0.24650 2.97250 0.00177 0.01734 312.52263
3.17550 3.00150 0.00249 0.02562 169.72516
2.18950 3.03050 0.00352 0.04439 221.04508
2.97250 3.00150 0.00276 0.02593 147.63389
2.97250 2.88550 0.00289 0.02316 151.55345
4.10350 2.85650 0.00101 0.00637 178.02197
2.21850 3.03050 0.00350 0.03929 215.82583
4.10350 2.97250 0.00101 0.00452 333.88832
2.30550 3.03050 0.00341 0.02707 181.88377
0.50750 2.97250 0.00185 0.01387 304.42341
3.43650 3.00150 0.00221 0.03042 179.71748
3.37850 2.88550 0.00201 0.02041 2.61148
0.36250 2.97250 0.00179 0.01782 314.04516
0.50750 2.85650 0.00216 0.03126 340.04038
4.33550 2.97250 0.00101 0.00743 1.46485
3.20450 2.88550 0.00226 0.02031 4.32080
1.49350 3.05950 0.00308 0.04025 348.62307
2.39250 3.03050 0.00326 0.03672 308.29919
0.33350 2.85650 0.00197 0.03013 317.23257
2.47950 2.79850 0.00362 0.06545 279.92431
3.32050 2.88550 0.00206 0.02074 5.31199
4.71250 2.97250 0.00102 0.05307 87.46215
2.65350 2.91450 0.00316 0.03334 74.68008
2.56650 2.91450 0.00318 0.05786 271.15863
2.65350 3.03050 0.00284 0.04543 81.48108
0.79750 2.85650 0.00303 0.03370 183.81068
1.63850 2.94350 0.00320 0.03788 193.46397
2.85650 3.03050 0.00281 0.02010 161.91655
4.62550 2.97250 0.00103 0.02178 78.07612
1.66750 2.94350 0.00323 0.04021 197.85813
1.60950 3.05950 0.00307 0.03642 350.61269
2.82750 3.03050 0.00283 0.01808 174.86008
1.84150 3.05950 0.00314 0.04435 208.72079
1.66750 3.05950 0.00306 0.03526 356.53718
2.21850 2.94350 0.00371 0.03341 203.10401
3.92950 3.00150 0.00102 0.01334 185.59096
3.90050 2.88550 0.00104 0.01049 181.09226
0.30450 3.00150 0.00176 0.01664 313.70966
3.92950 2.88550 0.00103 0.00838 356.85429
4.13250 2.88550 0.00101 0.00557 174.64737
3.90050 3.00150 0.00103 0.01432 184.40484
2.04450 3.05950 0.00339 0.05978 228.26855
0.27550 3.00150 0.00176 0.01869 310.13916
1.05850 2.85650 0.00311 0.03426 359.68225
1.02950 2.85650 0.00311 0.03390 359.64507
0.04350 3.00150 0.00154 0.11922 90.24510
2.97250 2.79850 0.00292 0.01781 156.81831
3.46550 3.03050 0.00221 0.03134 176.67111
0.44950 3.00150 0.00177 0.00849 314.76147
3.23350 2.91450 0.00229 0.02394 5.92256
4.39350 3.00150 0.00102 0.00713 9.44911
1.37750 2.97250 0.00313 0.03921 355.42083
3.43650 2.91450 0.00206 0.02444 3.23705
1.40650 2.85650 0.00317 0.03334 183.90439
1.55150 2.85650 0.00328 0.03839 194.46703
1.40650 2.97250 0.00313 0.03838 354.99210
1.58050 2.97250 0.00313 0.03512 181.82762
3.26250 3.03050 0.00239 0.02776 173.56865
3.20450 2.79850 0.00198 0.00872 167.35006
2.53750 2.94350 0.00313 0.06622 275.44197
2.68250 2.94350 0.00307 0.02875 68.19119
0.85550 3.00150 0.00277 0.01952 187.41622
4.50950 3.00150 0.00102 0.00831 35.35340
4.53850 2.88550 0.00103 0.00961 173.60713
4.77050 3.00150 0.00004 0.00000 180.00000
3.61050 2.79850 0.00158 0.01100 229.38741
2.71150 2.94350 0.00307 0.02213 54.52855
2.85650 3.05950 0.00275 0.01941 166.37909
3.69750 2.79850 0.00139 0.01511 206.53114
2.68250 2.82750 0.00347 0.01850 49.11994
2.62450 2.82750 0.00348 0.03166 76.01643
0.71050 2.88550 0.00281 0.03209 188.31445
3.58150 2.91450 0.00197 0.01857 170.17252
2.94350 3.17550 0.00253 0.02283 152.92991
1.23250 3.23350 0.00251 0.02060 205.71923
2.07350 3.08850 0.00333 0.05878 228.84892
1.08750 3.11750 0.00267 0.02627 201.55432
3.14650 3.29150 0.00228 0.02935 142.54448
0.07250 3.26250 0.00158 0.01966 265.53647
2.04450 3.32050 0.00278 0.03889 211.26193
1.11650 3.23350 0.00240 0.00893 226.72471
2.97250 3.05950 0.00268 0.02597 146.67093
4.10350 3.14650 0.00101 0.01362 198.31522
1.00050 3.11750 0.00260 0.01387 203.81150
2.91450 3.29150 0.00238 0.01850 178.60584
4.07450 3.26250 0.00101 0.02261 208.87740
3.32050 3.29150 0.00199 0.03388 8.16119
2.36350 3.20450 0.00308 0.02487 186.48776
4.36450 3.14650 0.00101 0.00342 301.36603
3.40750 3.17550 0.00212 0.03806 171.67617
1.29050 3.23350 0.00256 0.02258 196.67737
3.46550 3.05950 0.00220 0.03256 174.18259
3.34950 3.05950 0.00229 0.03073 173.34681
2.27650 3.20450 0.00312 0.03911 220.56157
3.26250 3.05950 0.00238 0.02794 169.54661
0.50750 3.14650 0.00168 0.01818 119.52599
1.40650 3.23350 0.00267 0.02699 353.53322
2.39250 3.32050 0.00291 0.02439 195.35813
1.52250 3.11750 0.00302 0.04178 345.11893
2.79850 3.08850 0.00270 0.01832 28.67786
2.74050 3.08850 0.00270 0.02773 62.57544
1.84150 3.23350 0.00286 0.03049 353.84245
3.69750 3.29150 0.00141 0.02123 75.01470
0.65250 3.14650 0.00174 0.01549 4.36751
2.68250 3.32050 0.00241 0.05914 85.52922
0.79750 3.26250 0.00178 0.02601 13.88130
4.62550 3.14650 0.00102 0.02700 85.70873
0.85550 3.14650 0.00212 0.01783 53.96554
2.82750 3.20450 0.00249 0.02000 36.66359
3.75550 3.29150 0.00123 0.03432 272.87241
3.69750 3.05950 0.00175 0.01075 165.07202
2.62450 3.08850 0.00274 0.05841 87.73331
0.97150 3.26250 0.00209 0.02088 43.17616
0.24650 3.29150 0.00164 0.00855 223.05771
3.92950 3.05950 0.00102 0.01607 188.87626
3.11750 3.32050 0.00228 0.02851 141.19270
1.11650 3.14650 0.00262 0.02547 205.81054
0.30450 3.17550 0.00166 0.00861 231.31940
4.13250 3.17550 0.00101 0.01403 201.18706
2.13150 3.23350 0.00301 0.05409 228.47729
1.00050 3.14650 0.00251 0.00736 208.65394
0.07250 3.17550 0.00157 0.04384 90.20911
2.10250 3.11750 0.00327 0.05747 229.20515
1.26150 3.26250 0.00245 0.00858 329.45997
3.03050 3.32050 0.00233 0.02546 145.98531
2.39250 3.23350 0.00301 0.02334 351.74840
3.40750 3.20450 0.00207 0.03877 176.99886
1.34850 3.26250 0.00250 0.01124 313.05241
0.56550 3.29150 0.00167 0.04033 117.11143
3.40750 3.32050 0.00163 0.06070 87.13854
3.20450 3.20450 0.00229 0.02999 149.65554
2.30550 3.11750 0.00326 0.02956 201.12102
0.36250 3.29150 0.00164 0.02907 95.21049
3.26250 3.20450 0.00223 0.03236 155.05049
0.47850 3.17550 0.00167 0.02379 110.93376
2.27650 3.23350 0.00307 0.04071 222.74041
4.36450 3.17550 0.00101 0.00394 320.77203
2.53750 3.23350 0.00277 0.05551 282.76950
0.68150 3.29150 0.00170 0.03236 138.72081
1.84150 3.26250 0.00283 0.02945 348.26267
3.72650 3.20450 0.00148 0.00606 35.05400
3.66850 3.08850 0.00190 0.01778 166.00284
3.52350 3.08850 0.00214 0.03273 172.32786
4.77050 3.29150 0.00004 0.00000 180.00000
3.52350 3.20450 0.00194 0.03263 7.30576
4.59650 3.17550 0.00101 0.02196 85.45521
0.76850 3.17550 0.00185 0.02318 35.04062
2.62450 3.11750 0.00270 0.06034 88.42362
3.55250 3.20450 0.00191 0.02979 6.51434
1.69650 3.26250 0.00283 0.03651 334.91580
4.71250 3.29150 0.00100 0.05546 89.05979
2.97250 3.11750 0.00259 0.02554 146.62724
0.15950 3.08850 0.00164 0.00806 233.01639
3.00150 3.23350 0.00243 0.02528 146.86307
0.01450 3.20450 0.00151 0.07321 90.90789
0.24650 3.08850 0.00169 0.01341 315.24175
0.01450 3.32050 0.00152 0.03029 90.66202
3.03050 3.23350 0.00241 0.02672 144.25794
1.00050 3.17550 0.00240 0.00074 243.43495
3.11750 3.11750 0.00246 0.02653 150.01404
1.98650 3.14650 0.00308 0.05079 220.71264
1.14550 3.29150 0.00231 0.01614 79.21902
0.27550 3.20450 0.00165 0.00797 212.49325
3.03050 3.11750 0.00254 0.02666 145.48152
2.47950 3.26250 0.00287 0.03495 300.06410
4.16150 3.08850 0.00101 0.00790 186.39626
2.27650 3.26250 0.00302 0.04191 224.22656
3.32050 3.11750 0.00227 0.03161 165.35701
4.21950 3.32050 0.00101 0.01811 209.87833
4.19050 3.32050 0.00101 0.01998 211.23921
0.36250 3.08850 0.00168 0.00562 206.88437
1.43550 3.29150 0.00246 0.02507 78.86934
2.27650 3.14650 0.00323 0.03596 215.20611
4.33550 3.32050 0.00101 0.01034 194.45298
4.33550 3.20450 0.00101 0.00552 353.44187
4.19050 3.08850 0.00101 0.00663 184.06714
0.39150 3.32050 0.00164 0.03571 99.62321
1.78350 3.17550 0.00293 0.03280 353.10033
0.85550 3.32050 0.00179 0.02733 19.29005
0.68150 3.08850 0.00186 0.01675 54.77254
3.66850 3.23350 0.00165 0.01311 7.93844
3.58150 3.11750 0.00206 0.03017 171.73026
1.78350 3.29150 0.00281 0.03085 334.97189
3.72650 3.11750 0.00156 0.00422 5.98060
4.62550 3.20450 0.00101 0.02817 87.23306
2.68250 3.26250 0.00245 0.05643 84.42682
4.77050 3.08850 0.00004 0.00000 180.00000
2.56650 3.26250 0.00269 0.05863 278.91928
4.59650 3.20450 0.00101 0.02257 86.79904
0.71050 3.08850 0.00192 0.01823 59.76392
0.18850 3.11750 0.00166 0.00814 332.90008
2.88550 3.26250 0.00241 0.01809 10.47764
3.11750 3.14650 0.00243 0.02719 147.40276
1.23250 3.08850 0.00287 0.04317 190.37014
1.02950 3.08850 0.00271 0.02393 198.84376
0.04350 3.11750 0.00154 0.08269 90.92852
3.08850 3.26250 0.00235 0.02846 142.39336
3.84250 3.23350 0.00105 0.02525 328.45642
0.21750 3.11750 0.00167 0.01199 315.77742
0.27550 3.11750 0.00168 0.01025 329.63086
2.91450 3.14650 0.00258 0.02160 156.82927
0.01450 3.23350 0.00151 0.06252 90.98981
3.00150 3.14650 0.00253 0.02621 145.24262
0.59450 3.34950 0.00168 0.04686 116.84393
3.26250 3.14650 0.00229 0.03023 158.35696
3.32050 3.14650 0.00224 0.03292 162.55566
4.19050 3.11750 0.00101 0.00811 189.79922
0.53650 3.11750 0.00170 0.01238 134.64007
0.33350 3.34950 0.00164 0.02834 93.58138
4.19050 3.23350 0.00101 0.01448 204.21151
0.42050 3.23350 0.00165 0.02994 101.64025
1.52250 3.32050 0.00244 0.03412 80.55424
1.58050 3.20450 0.00288 0.04181 340.01338
2.39250 3.17550 0.00308 0.02512 335.79202
1.40650 3.20450 0.00277 0.03492 357.11138
1.40650 3.32050 0.00233 0.05718 58.57566
1.75450 3.20450 0.00290 0.03332 343.36498
2.85650 3.17550 0.00254 0.01786 10.09534
1.66750 3.32050 0.00269 0.03383 331.57879
3.72650 3.14650 0.00154 0.00466 11.02032
1.69650 3.32050 0.00273 0.03371 332.91043
0.91350 3.11750 0.00242 0.00398 297.01518
1.89950 3.32050 0.00276 0.02741 351.24907
2.79850 3.29150 0.00236 0.03079 62.89405
4.77050 3.11750 0.00004 0.00000 180.00000
4.59650 3.23350 0.00101 0.02310 87.86605
4.74150 3.11750 0.00101 0.07329 89.09310
4.65450 3.23350 0.00101 0.03524 88.19485
4.62550 3.11750 0.00102 0.02622 84.66117
0.21750 3.49450 0.00163 0.00360 237.58983
4.10350 3.49450 0.00100 0.03923 217.53297
0.30450 3.61050 0.00163 0.01971 113.78248
1.92850 3.55250 0.00255 0.02603 343.22906
2.13150 3.55250 0.00254 0.03660 205.87191
3.03050 3.40750 0.00225 0.02331 149.20911
2.10250 3.55250 0.00253 0.03400 199.93271
0.24650 3.49450 0.00163 0.01022 269.88788
0.97150 3.58150 0.00186 0.10073 85.70163
3.11750 3.40750 0.00222 0.02615 138.16264
1.23250 3.46550 0.00208 0.09936 76.15817
1.98650 3.43650 0.00264 0.02667 358.49596
1.02950 3.58150 0.00191 0.10218 84.51873
3.37850 3.52350 0.00147 0.12713 87.81368
4.24850 3.49450 0.00100 0.02657 216.99928
1.49350 3.34950 0.00228 0.08380 58.87444
0.39150 3.61050 0.00164 0.03224 112.33277
1.55150 3.34950 0.00238 0.05113 68.47329
0.36250 3.61050 0.00164 0.02863 112.53364
3.34950 3.40750 0.00148 0.10817 88.55917
0.56550 3.61050 0.00167 0.04359 114.14265
0.39150 3.37850 0.00164 0.03873 101.17939
1.37750 3.46550 0.00222 0.07072 71.37291
0.42050 3.37850 0.00164 0.04256 103.29833
2.24750 3.55250 0.00259 0.04432 222.05543
2.30550 3.43650 0.00276 0.04364 227.45165
3.63950 3.40750 0.00116 0.13734 274.50589
0.91350 3.61050 0.00177 0.02576 53.69953
0.94250 3.49450 0.00184 0.05144 75.31540
1.63850 3.34950 0.00258 0.02734 312.92497
2.74050 3.43650 0.00227 0.05457 80.12340
3.69750 3.40750 0.00113 0.12881 271.88633
3.78450 3.52350 0.00103 0.10779 274.59766
1.75450 3.46550 0.00258 0.01991 322.09978
0.79750 3.61050 0.00172 0.03121 130.30859
0.73950 3.61050 0.00171 0.03811 122.36396
4.59650 3.49450 0.00100 0.02521 276.46819
1.66750 3.46550 0.00242 0.03056 89.79377
4.65450 3.37850 0.00100 0.03684 89.96889
1.95750 3.34950 0.00273 0.02815 182.89189
0.21750 3.40750 0.00163 0.00583 211.45288
3.95850 3.40750 0.00100 0.03255 194.89854
1.00050 3.49450 0.00192 0.09550 82.68447
1.92850 3.46550 0.00262 0.02493 341.55052
1.11650 3.49450 0.00197 0.11513 78.30845
1.26150 3.61050 0.00215 0.03883 280.44473
4.01650 3.52350 0.00100 0.04320 203.28915
1.17450 3.49450 0.00203 0.10155 78.29063
3.17550 3.55250 0.00209 0.02116 127.22190
3.87150 3.52350 0.00100 0.03706 318.96098
1.05850 3.61050 0.00194 0.08477 88.30319
2.21850 3.34950 0.00285 0.04964 228.67510
1.43550 3.61050 0.00229 0.02784 180.74085
4.45150 3.52350 0.00100 0.01090 342.49553
4.19050 3.52350 0.00100 0.03361 219.96708
1.55150 3.49450 0.00222 0.09310 76.85040
2.30550 3.46550 0.00272 0.04376 227.24103
1.29050 3.37850 0.00204 0.14431 68.12781
0.53650 3.52350 0.00166 0.05084 111.51891
1.34850 3.49450 0.00221 0.05575 75.34065
2.45050 3.34950 0.00284 0.02164 336.89530
2.42150 3.46550 0.00274 0.02535 206.94911
2.50850 3.46550 0.00268 0.02152 320.22170
2.27650 3.34950 0.00288 0.04549 227.93134
4.30650 3.52350 0.00100 0.02254 213.12615
2.79850 3.46550 0.00220 0.04454 71.61386
3.69750 3.55250 0.00115 0.12096 274.78016
0.85550 3.52350 0.00174 0.02419 159.43010
2.85650 3.46550 0.00218 0.03156 57.73486
1.81250 3.37850 0.00271 0.02705 330.40225
0.88450 3.40750 0.00177 0.02502 17.15323
4.59650 3.52350 0.00100 0.02526 277.75802
4.62550 3.40750 0.00100 0.03059 271.55474
1.69650 3.61050 0.00244 0.02136 338.63698
3.61050 3.55250 0.00131 0.12543 273.51051
1.78350 3.49450 0.00259 0.02020 326.79775
1.89950 3.49450 0.00260 0.02465 335.60798
2.56650 3.34950 0.00265 0.04975 281.94916
2.94350 3.58150 0.00211 0.02551 34.15107
2.18950 3.37850 0.00278 0.04848 226.50436
2.88550 3.58150 0.00211 0.03492 55.45429
2.13150 3.49450 0.00259 0.03749 210.20363
3.08850 3.46550 0.00219 0.02426 140.72056
3.14650 3.58150 0.00210 0.02238 133.26210
2.07350 3.49450 0.00258 0.03174 196.94478
3.98750 3.55250 0.00100 0.04471 194.48070
1.20350 3.40750 0.00203 0.12916 73.39466
3.00150 3.58150 0.00212 0.02137 5.15558
3.05950 3.46550 0.00220 0.02320 146.72769
3.17550 3.46550 0.00213 0.02238 131.70369
0.27550 3.43650 0.00163 0.01747 269.47527
3.40750 3.34950 0.00143 0.10816 278.72119
4.21950 3.43650 0.00100 0.02547 216.05549
3.20450 3.46550 0.00209 0.01839 135.48480
0.36250 3.43650 0.00164 0.03499 101.35489
3.26250 3.34950 0.00204 0.02211 171.25778
0.62350 3.55250 0.00168 0.05031 115.10839
0.59450 3.43650 0.00168 0.05347 113.95705
0.42050 3.43650 0.00164 0.04366 104.87647
3.34950 3.46550 0.00147 0.12883 87.93158
3.37850 3.58150 0.00157 0.11103 86.89202
1.55150 3.52350 0.00223 0.07779 87.35496
2.42150 3.61050 0.00260 0.03085 218.39297
1.46450 3.52350 0.00226 0.02771 74.70499
2.56650 3.37850 0.00264 0.04605 283.33313
4.48050 3.43650 0.00100 0.01049 307.67852
0.85550 3.43650 0.00175 0.02545 172.95875
2.79850 3.61050 0.00217 0.05141 74.25515
0.76850 3.55250 0.00172 0.03930 126.59872
3.66850 3.34950 0.00125 0.10002 89.62193
2.62450 3.49450 0.00249 0.04692 277.44615
1.78350 3.40750 0.00267 0.02554 328.67464
1.78350 3.52350 0.00256 0.02004 328.57043
2.68250 3.49450 0.00237 0.05664 88.58358
4.62550 3.43650 0.00100 0.03072 272.27570
3.81350 3.34950 0.00106 0.07052 280.52432
0.76850 3.43650 0.00172 0.03782 135.77133
1.23250 3.43650 0.00207 0.11083 74.47783
3.17550 3.61050 0.00208 0.02152 129.19200
1.92850 3.40750 0.00267 0.02535 346.19397
3.11750 3.61050 0.00209 0.02228 143.19182
1.02950 3.55250 0.00190 0.11312 82.04755
2.94350 3.37850 0.00228 0.01884 179.23975
3.05950 3.37850 0.00227 0.02549 144.19576
2.13150 3.40750 0.00270 0.04203 218.00410
2.88550 3.37850 0.00227 0.02100 34.74173
0.97150 3.55250 0.00187 0.09435 85.16020
1.05850 3.43650 0.00198 0.11142 79.70067
4.07450 3.46550 0.00100 0.03814 214.11086
3.17550 3.37850 0.00219 0.02639 138.94888
3.43650 3.37850 0.00128 0.14999 279.26198
2.42150 3.52350 0.00268 0.02767 213.35118
0.33350 3.46550 0.00163 0.03007 100.57752
0.56550 3.58150 0.00167 0.04680 113.45902
4.19050 3.46550 0.00100 0.02996 218.39997
0.56550 3.46550 0.00167 0.05358 112.29986
4.45150 3.34950 0.00101 0.00823 310.81269
4.39350 3.58150 0.00100 0.01652 196.82218
4.19050 3.34950 0.00101 0.02194 213.05999
1.52250 3.55250 0.00225 0.05074 287.75285
2.27650 3.52350 0.00264 0.04451 225.10012
0.39150 3.46550 0.00164 0.03959 104.55573
2.53750 3.52350 0.00262 0.02172 313.75018
4.48050 3.58150 0.00100 0.01241 328.78279
3.55250 3.61050 0.00144 0.11810 271.69338
1.69650 3.55250 0.00244 0.01860 307.76960
3.72650 3.61050 0.00115 0.11299 274.67563
3.75550 3.61050 0.00110 0.11151 275.15024
2.74050 3.52350 0.00225 0.05484 81.50643
4.59650 3.46550 0.00100 0.02511 275.48359
4.56750 3.58150 0.00099 0.02067 286.40987
1.87050 3.55250 0.00255 0.02481 336.15242
3.66850 3.61050 0.00126 0.11596 273.76280
3.78450 3.49450 0.00104 0.10559 274.36708
4.50950 3.46550 0.00100 0.01281 296.86503
3.81350 3.61050 0.00100 0.10176 277.33383
2.91450 3.75550 0.00208 0.04417 55.22690
0.01450 3.72650 0.00157 0.06878 270.20826
3.08850 3.63950 0.00209 0.02226 157.99786
1.23250 3.81350 0.00231 0.08589 293.05143
4.07450 3.72650 0.00099 0.04403 212.16678
1.95750 3.66850 0.00243 0.03331 180.17201
2.07350 3.78450 0.00237 0.04550 198.39911
4.07450 3.61050 0.00099 0.04589 212.44342
3.92950 3.72650 0.00101 0.04919 325.43449
1.17450 3.81350 0.00230 0.12589 286.32174
3.90050 3.84250 0.00107 0.06984 77.68922
1.26150 3.81350 0.00231 0.06849 299.08386
0.10150 3.72650 0.00162 0.03062 88.85835
3.37850 3.87150 0.00192 0.01708 33.55979
0.39150 3.84250 0.00164 0.01211 274.11932
0.62350 3.72650 0.00168 0.02298 119.96752
0.36250 3.72650 0.00164 0.01515 124.59229
4.19050 3.61050 0.00099 0.03778 220.70657
4.30650 3.72650 0.00099 0.02983 206.66812
4.27750 3.84250 0.00098 0.03378 187.75829
4.39350 3.61050 0.00100 0.01766 197.29596
2.50850 3.66850 0.00254 0.02040 197.66229
2.30550 3.66850 0.00251 0.04303 219.81410
3.29150 3.63950 0.00193 0.01208 41.54293
1.46450 3.81350 0.00229 0.04275 202.08267
3.23350 3.75550 0.00202 0.02047 140.88985
0.94250 3.84250 0.00184 0.12977 280.30722
2.62450 3.78450 0.00241 0.01621 330.01836
3.52350 3.63950 0.00149 0.11305 270.53721
3.78450 3.63950 0.00107 0.10673 274.95579
3.61050 3.75550 0.00149 0.10290 271.03576
1.66750 3.81350 0.00232 0.04351 187.87311
0.76850 3.72650 0.00172 0.01794 134.11929
1.78350 3.69750 0.00242 0.03241 354.10295
0.79750 3.84250 0.00174 0.01707 83.81179
0.65250 3.84250 0.00169 0.00931 275.36157
3.81350 3.63950 0.00100 0.10687 277.41893
3.58150 3.75550 0.00154 0.10392 270.51825
3.66850 3.63950 0.00128 0.11273 273.44794
0.21750 3.87150 0.00162 0.02799 271.18752
2.18950 3.69750 0.00245 0.04389 208.83653
0.27550 3.87150 0.00163 0.02589 273.07793
0.18850 3.75550 0.00163 0.01248 69.64816
3.95850 3.87150 0.00101 0.01038 310.85876
0.27550 3.75550 0.00163 0.00645 177.15534
0.01450 3.63950 0.00156 0.05682 270.36301
1.08750 3.84250 0.00224 0.09785 289.87204
0.07250 3.87150 0.00161 0.04626 272.15548
1.26150 3.72650 0.00227 0.06933 290.57055
1.98650 3.69750 0.00241 0.03670 186.61773
2.10250 3.81350 0.00236 0.04753 200.57015
0.15950 3.87150 0.00162 0.03083 270.76192
1.46450 3.72650 0.00232 0.04787 198.88162
4.24850 3.75550 0.00098 0.03470 208.61837
0.39150 3.63950 0.00164 0.02905 113.96249
3.46550 3.66850 0.00157 0.10628 88.39868
2.53750 3.69750 0.00251 0.01837 187.63174
4.42250 3.87150 0.00098 0.03028 337.43254
0.39150 3.87150 0.00164 0.02127 280.59153
4.36450 3.87150 0.00098 0.03221 348.32024
0.36250 3.63950 0.00164 0.02556 114.49961
2.42150 3.81350 0.00243 0.03674 213.61222
3.40750 3.78450 0.00159 0.14670 270.09374
0.53650 3.87150 0.00167 0.01760 288.72318
3.34950 3.66850 0.00174 0.07973 85.13609
1.60950 3.84250 0.00230 0.04318 192.04379
0.79750 3.87150 0.00174 0.02500 273.99091
1.63850 3.72650 0.00238 0.03979 184.38214
0.88450 3.63950 0.00176 0.01716 24.65391
0.82650 3.87150 0.00175 0.03342 277.18455
3.69750 3.78450 0.00141 0.10262 84.64887
0.76850 3.63950 0.00172 0.03165 125.89961
2.62450 3.81350 0.00239 0.01606 341.67784
1.84150 3.84250 0.00232 0.04396 190.11367
2.56650 3.69750 0.00250 0.01650 346.40163
2.79850 3.69750 0.00218 0.05026 75.22278
3.61050 3.78450 0.00151 0.09970 270.59196
0.88450 3.75550 0.00176 0.02536 73.80939
2.04450 3.72650 0.00239 0.04075 194.14879
2.07350 3.72650 0.00240 0.04167 196.77826
4.07450 3.78450 0.00098 0.04047 209.66936
0.18850 3.78450 0.00163 0.01461 74.27012
3.05950 3.81350 0.00203 0.03574 26.45035
1.14550 3.63950 0.00206 0.06995 274.98606
1.23250 3.63950 0.00215 0.05077 281.55561
0.07250 3.66850 0.00162 0.03687 271.04134
4.13250 3.78450 0.00098 0.03975 210.10600
4.13250 3.66850 0.00099 0.04331 217.85410
3.03050 3.69750 0.00206 0.02646 14.71380
0.01450 3.66850 0.00157 0.06256 270.28391
3.92950 3.78450 0.00102 0.04057 303.52948
2.27650 3.72650 0.00246 0.04439 214.74985
3.23350 3.69750 0.00202 0.01942 129.83957
0.42050 3.66850 0.00164 0.02850 115.36913
1.55150 3.63950 0.00230 0.05459 340.83479
0.59450 3.90050 0.00168 0.02751 289.69305
4.42250 3.66850 0.00099 0.01735 185.19144
0.44950 3.66850 0.00165 0.03041 114.91331
1.55150 3.87150 0.00227 0.04202 193.11012
3.26250 3.81350 0.00200 0.01926 154.63260
2.42150 3.84250 0.00241 0.03762 211.57757
4.27750 3.66850 0.00099 0.03134 214.82579
3.37850 3.69750 0.00164 0.11547 88.22822
0.44950 3.78450 0.00165 0.00727 129.13972
1.84150 3.75550 0.00236 0.03897 183.38373
4.65450 3.78450 0.00098 0.04152 278.40725
4.65450 3.66850 0.00099 0.03869 275.04158
1.69650 3.63950 0.00243 0.02450 350.19931
1.87050 3.75550 0.00236 0.03931 184.68376
0.73950 3.66850 0.00171 0.03020 123.68481
4.53850 3.66850 0.00099 0.01825 302.62770
0.91350 3.78450 0.00178 0.05494 273.72597
3.66850 3.69750 0.00133 0.10627 272.76144
2.59550 3.72650 0.00246 0.01640 332.02824
1.69650 3.87150 0.00229 0.04300 189.20605
1.84150 3.87150 0.00231 0.04458 191.76619
2.74050 3.72650 0.00228 0.04154 85.53993
1.17450 3.66850 0.00212 0.07128 279.46364
4.04550 3.69750 0.00099 0.04642 207.71887
2.01550 3.87150 0.00232 0.04834 197.28049
3.98750 3.69750 0.00099 0.04688 189.13082
1.05850 3.78450 0.00216 0.14757 279.02188
1.05850 3.66850 0.00200 0.09711 273.69594
2.88550 3.84250 0.00212 0.04647 62.27706
3.05950 3.84250 0.00203 0.03892 30.52450
0.04350 3.69750 0.00161 0.04716 270.46166
0.18850 3.81350 0.00163 0.01792 80.13282
3.08850 3.72650 0.00205 0.02528 178.48124
3.03050 3.72650 0.00205 0.02903 20.29503
2.18950 3.63950 0.00249 0.04218 210.99171
2.36350 3.87150 0.00238 0.04293 209.45518
2.33450 3.75550 0.00246 0.04218 216.04135
2.30550 3.87150 0.00237 0.04622 207.99008
0.50750 3.69750 0.00166 0.02778 115.64249
0.47850 3.69750 0.00165 0.02692 115.64177
3.29150 3.72650 0.00196 0.00889 22.49587
3.37850 3.84250 0.00183 0.05183 80.23600
1.40650 3.90050 0.00223 0.04138 189.28933
1.49350 3.66850 0.00231 0.05514 184.91033
3.23350 3.72650 0.00202 0.01998 134.08740
1.49350 3.90050 0.00224 0.04161 184.06502
0.47850 3.81350 0.00165 0.00155 19.95159
4.36450 3.81350 0.00098 0.02799 182.39532
2.71150 3.75550 0.00233 0.03206 274.16710
1.84150 3.78450 0.00235 0.04119 186.03449
2.79850 3.75550 0.00220 0.04672 75.91617
1.75450 3.90050 0.00229 0.04266 189.86638
3.75550 3.84250 0.00141 0.09026 70.48708
3.61050 3.84250 0.00159 0.06341 75.55398
3.63950 3.84250 0.00157 0.06417 71.27421
2.82750 3.75550 0.00216 0.04821 70.90737
4.56750 3.69750 0.00099 0.02263 293.49453
4.56750 3.81350 0.00098 0.02823 298.49870
3.63950 3.72650 0.00141 0.10457 271.91262
1.87050 3.90050 0.00231 0.04485 193.98667
0.73950 3.81350 0.00171 0.00640 43.29113
1.92850 3.90050 0.00231 0.04626 195.67660
2.07350 4.01650 0.00234 0.04085 190.67997
2.18950 4.13250 0.00235 0.05053 273.06285
1.26150 3.92950 0.00219 0.03752 358.48815
1.23250 3.92950 0.00219 0.03696 357.82898
4.01650 3.95850 0.00097 0.01918 184.93481
4.13250 4.07450 0.00096 0.05354 307.68539
0.15950 3.95850 0.00160 0.05865 276.92386
0.24650 3.95850 0.00161 0.06186 277.61790
1.05850 3.92950 0.00216 0.03818 324.09950
0.07250 3.95850 0.00160 0.05870 275.46486
3.00150 4.10350 0.00217 0.05498 59.95135
3.11750 4.10350 0.00209 0.06743 51.19423
2.53750 4.01650 0.00235 0.02761 181.72251
0.33350 3.95850 0.00162 0.05958 279.42754
2.36350 3.90050 0.00237 0.04342 207.19063
1.43550 4.16150 0.00178 0.14738 42.17013
2.24750 3.90050 0.00235 0.04883 204.43424
1.52250 4.04550 0.00208 0.06705 86.72537
1.40650 4.04550 0.00207 0.04637 270.24712
3.43650 3.98750 0.00191 0.03602 26.70731
4.16150 4.07450 0.00096 0.05717 308.28106
1.34850 3.92950 0.00220 0.03893 181.23641
0.42050 3.95850 0.00164 0.05392 282.97948
0.50750 3.95850 0.00165 0.05042 286.77435
0.59450 4.07450 0.00165 0.09850 285.36531
2.59550 3.90050 0.00236 0.02220 191.74513
4.68350 4.07450 0.00097 0.08610 285.26621
0.76850 4.07450 0.00169 0.08999 288.18930
0.73950 4.07450 0.00168 0.09172 288.41322
1.72550 4.16150 0.00191 0.14829 65.70090
0.71050 4.07450 0.00168 0.09372 288.17204
1.81250 3.92950 0.00230 0.04162 191.15333
1.81250 4.16150 0.00219 0.10843 87.48405
3.52350 3.98750 0.00173 0.04691 47.40176
2.74050 4.13250 0.00235 0.05289 86.95476
0.88450 3.95850 0.00180 0.08856 284.94642
4.62550 3.95850 0.00098 0.05081 289.31931
2.71150 4.13250 0.00236 0.05336 87.54030
3.00150 3.90050 0.00206 0.04859 46.01737
4.01650 4.10350 0.00096 0.05100 295.41939
2.07350 4.04550 0.00234 0.03414 180.31887
1.05850 4.07450 0.00191 0.07766 78.34426
1.02950 4.07450 0.00189 0.08554 81.00126
2.01550 3.92950 0.00232 0.04834 197.86523
1.20350 3.95850 0.00216 0.03451 346.42678
2.21850 3.92950 0.00234 0.04935 201.79279
3.05950 3.90050 0.00203 0.04638 37.41344
3.05950 4.01650 0.00207 0.05423 46.38224
2.91450 4.01650 0.00217 0.03796 62.30754
0.97150 3.95850 0.00194 0.10553 285.85367
3.87150 3.98750 0.00107 0.04558 86.86828
3.23350 4.13250 0.00205 0.08362 50.97528
2.36350 3.92950 0.00236 0.04348 204.57265
3.43650 4.01650 0.00190 0.04279 34.76714
1.37750 4.07450 0.00200 0.06070 69.03297
1.34850 3.95850 0.00218 0.03659 345.87260
4.27750 4.10350 0.00096 0.07780 303.73092
2.42150 4.16150 0.00233 0.09332 77.10294
4.16150 4.10350 0.00096 0.06682 300.95640
3.32050 4.13250 0.00199 0.08696 51.53673
1.49350 3.95850 0.00219 0.04713 324.56973
3.40750 4.13250 0.00192 0.08843 58.55846
4.33550 3.98750 0.00097 0.04986 325.01269
4.42250 3.98750 0.00097 0.04965 317.71855
1.87050 3.95850 0.00231 0.04198 195.19167
3.52350 4.01650 0.00169 0.05844 58.06944
4.56750 3.98750 0.00097 0.05057 299.45959
3.69750 4.01650 0.00128 0.06301 83.71303
3.69750 4.13250 0.00109 0.07018 296.10500
2.59550 4.16150 0.00234 0.09390 76.97017
2.82750 4.04550 0.00225 0.02503 84.08444
1.89950 4.07450 0.00233 0.02733 339.23045
0.94250 3.98750 0.00186 0.11010 282.36117
0.65250 4.10350 0.00165 0.10998 286.22019
0.82650 3.98750 0.00175 0.06535 285.75031
2.56650 4.04550 0.00235 0.02432 341.19252
1.78350 4.07450 0.00220 0.06877 89.26676
1.95750 4.07450 0.00234 0.02810 338.63020
1.23250 4.10350 0.00190 0.08345 57.96114
1.92850 4.07450 0.00233 0.02751 339.02229
3.00150 4.16150 0.00225 0.08957 70.86512
3.05950 4.04550 0.00209 0.05595 48.74664
3.08850 3.92950 0.00203 0.04748 35.96971
3.11750 4.04550 0.00206 0.05995 44.81077
0.18850 4.01650 0.00159 0.09080 275.77087
2.07350 4.07450 0.00235 0.02842 335.09393
1.17450 3.98750 0.00212 0.03178 328.74562
4.01650 3.90050 0.00098 0.02199 200.89157
2.91450 4.04550 0.00219 0.03753 64.32927
0.04350 4.13250 0.00152 0.14831 79.71139
0.33350 4.13250 0.00156 0.16333 88.78612
0.44950 4.01650 0.00163 0.07799 281.52316
1.49350 3.98750 0.00216 0.05077 304.04063
3.37850 3.92950 0.00195 0.02592 8.43021
0.56550 4.01650 0.00165 0.07328 286.39969
3.32050 4.04550 0.00197 0.05624 36.31572
3.29150 4.04550 0.00198 0.05771 36.80040
3.26250 4.04550 0.00199 0.05885 37.55731
0.62350 4.01650 0.00167 0.07204 288.14825
4.16150 4.01650 0.00096 0.04379 325.17411
2.50850 3.95850 0.00235 0.03253 198.90275
3.46550 3.92950 0.00187 0.02592 20.53276
3.49450 4.16150 0.00169 0.12094 81.94828
0.76850 4.01650 0.00171 0.06888 288.91633
2.85650 3.95850 0.00219 0.03207 69.92073
3.55250 4.16150 0.00118 0.11278 274.59742
2.65350 3.95850 0.00233 0.01826 354.21761
1.75450 4.10350 0.00211 0.11319 78.49352
0.65250 4.01650 0.00168 0.07131 288.74745
1.72550 4.10350 0.00204 0.13222 74.78973
4.59650 4.13250 0.00096 0.08866 295.24412
0.76850 4.13250 0.00167 0.11549 287.06370
2.56650 4.07450 0.00236 0.02598 308.82857
3.69750 4.04550 0.00122 0.06279 277.09899
0.82650 4.01650 0.00174 0.07243 286.18553
2.71150 3.95850 0.00231 0.01485 320.79201
0.18850 3.92950 0.00161 0.04835 276.05491
0.15950 4.16150 0.00150 0.19311 69.71829
1.95750 4.10350 0.00234 0.03253 308.14535
4.07450 4.04550 0.00096 0.03746 316.18988
0.27550 3.92950 0.00162 0.04833 277.64557
1.92850 4.10350 0.00233 0.03236 309.92344
0.07250 3.92950 0.00161 0.05322 274.40779
1.08750 4.01650 0.00205 0.03543 301.11907
0.18850 4.04550 0.00158 0.10796 273.84514
1.11650 4.01650 0.00207 0.03355 303.74690
4.13250 4.04550 0.00096 0.04562 316.49202
4.13250 4.16150 0.00095 0.10714 284.79501
2.01550 4.10350 0.00234 0.03276 304.42745
4.30650 4.16150 0.00095 0.11678 289.29607
0.33350 4.04550 0.00160 0.10596 275.96401
0.62350 3.92950 0.00168 0.03798 289.58481
0.47850 3.92950 0.00165 0.03973 286.52382
2.39250 3.98750 0.00235 0.03924 196.23217
1.29050 4.01650 0.00210 0.03363 302.50386
2.45050 3.98750 0.00235 0.03576 195.24107
1.55150 4.01650 0.00211 0.07337 282.65924
2.27650 3.98750 0.00234 0.04445 196.38809
2.50850 4.10350 0.00237 0.03572 282.87679
0.42050 4.16150 0.00158 0.16039 275.41307
2.39250 4.10350 0.00237 0.03426 285.38714
3.29150 3.95850 0.00198 0.03708 17.59925
2.76950 3.98750 0.00228 0.01726 284.97847
1.72550 4.13250 0.00198 0.14242 68.33455
1.66750 4.01650 0.00211 0.09366 280.09090
1.75450 4.13250 0.00206 0.12819 74.05338
1.81250 4.13250 0.00222 0.08262 87.71078
3.69750 4.07450 0.00116 0.06409 287.23616
4.74150 4.16150 0.00096 0.12610 270.61797
0.73950 4.16150 0.00163 0.14516 285.52411
2.71150 3.98750 0.00231 0.01535 322.22653
2.82750 4.10350 0.00229 0.03804 84.37333
1.78350 4.13250 0.00215 0.11072 80.47047
1.84150 4.01650 0.00231 0.03166 182.71598
0.76850 4.16150 0.00164 0.14199 285.51029
