0.07250 0.13050 0.00197 0.08707 271.98106
4.04550 0.01450 0.00142 0.09772 290.24860
3.90050 0.24650 0.00144 0.01631 199.00156
3.84250 0.24650 0.00157 0.03262 276.76115
4.07450 0.01450 0.00142 0.09914 290.49314
0.21750 0.01450 0.00183 0.18364 71.77915
0.13050 0.24650 0.00206 0.04798 276.64217
3.17550 0.15950 0.00360 0.05338 38.16868
0.04350 0.01450 0.00179 0.18292 78.74535
0.21750 0.13050 0.00198 0.10916 272.55180
0.04350 0.24650 0.00204 0.06006 274.32554
0.97150 0.10150 0.00250 0.10651 80.89761
3.92950 0.24650 0.00141 0.02362 207.50887
4.19050 0.01450 0.00139 0.10599 292.62361
4.27750 0.01450 0.00138 0.10884 294.87441
3.37850 0.04350 0.00323 0.08635 66.52260
0.62350 0.13050 0.00216 0.07818 283.73405
4.30650 0.24650 0.00135 0.04080 180.37916
0.47850 0.13050 0.00210 0.08606 279.31457
0.36250 0.24650 0.00209 0.04394 282.59387
2.47950 0.18850 0.00413 0.02490 195.70518
1.40650 0.10150 0.00279 0.05367 14.64468
1.55150 0.10150 0.00270 0.06874 47.63548
3.26250 0.04350 0.00343 0.08069 54.26916
2.39250 0.07250 0.00399 0.02688 283.35892
3.20450 0.15950 0.00358 0.05164 37.69105
2.62450 0.07250 0.00393 0.03147 271.94858
3.72650 0.15950 0.00180 0.06313 288.83389
1.75450 0.10150 0.00364 0.03720 271.12451
4.59650 0.01450 0.00132 0.09391 293.82745
3.61050 0.04350 0.00168 0.05946 300.32580
1.81250 0.21750 0.00408 0.02947 188.54807
0.76850 0.24650 0.00227 0.02426 277.72262
4.56750 0.01450 0.00133 0.09545 296.70196
0.85550 0.01450 0.00218 0.12386 278.98778
2.82750 0.18850 0.00387 0.03347 62.76127
4.71250 0.13050 0.00131 0.08341 281.22775
3.63950 0.04350 0.00166 0.05762 302.51237
0.88450 0.13050 0.00236 0.07556 274.68367
4.10350 0.04350 0.00141 0.07759 299.75679
1.08750 0.13050 0.00286 0.06607 73.08728
3.05950 0.07250 0.00362 0.06345 52.04819
3.14650 0.07250 0.00355 0.06866 49.24032
4.13250 0.15950 0.00138 0.04695 336.31262
3.87150 0.15950 0.00146 0.01536 347.97299
2.94350 0.07250 0.00372 0.05230 59.38948
1.20350 0.01450 0.00250 0.14499 41.18295
1.00050 0.24650 0.00294 0.11150 282.32983
4.04550 0.15950 0.00139 0.03852 338.92511
0.97150 0.01450 0.00232 0.11289 81.18014
0.18850 0.04350 0.00187 0.16128 76.58759
2.07350 0.21750 0.00424 0.04242 200.05811
0.42050 0.04350 0.00202 0.13771 273.80550
2.47950 0.21750 0.00417 0.02580 199.89583
2.36350 0.21750 0.00423 0.03474 206.20364
1.40650 0.01450 0.00254 0.13932 29.47962
2.39250 0.21750 0.00421 0.03277 205.39192
1.52250 0.01450 0.00252 0.12261 35.43610
0.47850 0.27550 0.00214 0.02536 295.18068
4.36450 0.15950 0.00136 0.05021 329.82487
3.26250 0.18850 0.00356 0.04208 33.45595
3.29150 0.18850 0.00352 0.03979 34.87640
0.42050 0.27550 0.00212 0.02846 290.59375
4.27750 0.04350 0.00138 0.08739 304.15194
2.36350 0.10150 0.00404 0.02060 328.01526
4.74150 0.15950 0.00129 0.09155 275.60410
2.68250 0.21750 0.00402 0.01435 289.49539
3.58150 0.18850 0.00208 0.05115 86.00935
1.84150 0.24650 0.00417 0.03423 191.68089
3.55250 0.18850 0.00218 0.05542 78.36160
0.76850 0.27550 0.00227 0.01445 271.78496
1.87050 0.01450 0.00377 0.07364 273.43316
4.53850 0.04350 0.00133 0.08008 302.83281
4.50950 0.04350 0.00134 0.08104 304.71170
1.78350 0.24650 0.00408 0.02932 186.28623
1.72550 0.13050 0.00347 0.05216 83.59309
2.62450 0.21750 0.00407 0.01318 333.41551
0.85550 0.15950 0.00233 0.05769 276.78874
2.13150 0.13050 0.00411 0.03109 182.61762
1.26150 0.27550 0.00307 0.05702 339.77564
2.01550 0.13050 0.00409 0.03024 359.26111
3.87150 0.07250 0.00146 0.03846 305.50824
2.97250 0.10150 0.00370 0.05235 53.86561
1.26150 0.04350 0.00268 0.11701 34.40714
3.11750 0.21750 0.00369 0.04808 32.96292
1.95750 0.24650 0.00424 0.04022 196.46591
1.05850 0.04350 0.00254 0.11684 60.23140
4.13250 0.07250 0.00140 0.06707 308.24887
0.18850 0.18850 0.00203 0.07433 275.96140
1.17450 0.15950 0.00296 0.01978 69.30154
2.04450 0.01450 0.00382 0.07605 86.44152
4.19050 0.07250 0.00139 0.07164 309.41545
0.44950 0.07250 0.00205 0.11712 275.91990
1.43550 0.15950 0.00283 0.01698 32.05189
3.26250 0.10150 0.00348 0.06204 46.54145
2.24750 0.24650 0.00430 0.04096 208.41064
3.20450 0.21750 0.00364 0.04117 28.22723
0.53650 0.18850 0.00214 0.05650 285.40632
4.42250 0.07250 0.00135 0.07339 310.88921
0.56550 0.18850 0.00216 0.05502 286.29728
0.53650 0.07250 0.00209 0.11027 279.68954
0.50750 0.18850 0.00213 0.05820 284.13175
1.49350 0.27550 0.00303 0.07438 301.65999
3.34950 0.10150 0.00335 0.06051 54.00883
4.62550 0.18850 0.00133 0.04523 294.42299
4.53850 0.18850 0.00134 0.03923 313.78112
2.85650 0.24650 0.00387 0.04228 56.08819
4.65450 0.07250 0.00132 0.07959 290.45915
1.72550 0.15950 0.00354 0.04235 270.39234
2.71150 0.13050 0.00394 0.01920 274.78099
2.65350 0.13050 0.00397 0.01592 298.19105
0.88450 0.18850 0.00238 0.06051 272.45336
2.62450 0.13050 0.00399 0.01566 308.88266
3.52350 0.10150 0.00199 0.06542 274.34833
0.71050 0.07250 0.00217 0.10105 282.81909
3.52350 0.21750 0.00242 0.05546 68.43070
1.87050 0.04350 0.00391 0.04151 282.89115
1.95750 0.15950 0.00411 0.03435 188.68910
0.21750 0.21750 0.00205 0.06111 276.96453
3.92950 0.10150 0.00143 0.03341 315.60641
2.10250 0.15950 0.00415 0.03738 193.14397
0.18850 0.21750 0.00204 0.05961 276.89850
1.92850 0.15950 0.00410 0.03280 187.79663
2.88550 0.01450 0.00373 0.08127 72.32086
0.97150 0.07250 0.00246 0.10267 78.18664
3.08850 0.01450 0.00358 0.09029 62.15782
2.94350 0.24650 0.00381 0.04862 45.79167
2.10250 0.27550 0.00434 0.04292 204.88704
0.13050 0.10150 0.00194 0.11340 87.99877
2.13150 0.04350 0.00396 0.04307 273.43443
0.56550 0.10150 0.00212 0.09480 281.35142
2.47950 0.04350 0.00393 0.04579 82.65923
0.39150 0.21750 0.00210 0.05375 281.82003
2.45050 0.27550 0.00427 0.02803 205.77885
2.30550 0.04350 0.00396 0.04318 86.42863
4.39350 0.10150 0.00136 0.06494 316.34150
3.43650 0.13050 0.00294 0.06502 70.14939
1.37750 0.18850 0.00290 0.00546 312.54915
0.62350 0.10150 0.00214 0.09210 282.74608
2.50850 0.15950 0.00408 0.02089 183.64989
0.39150 0.10150 0.00203 0.11225 274.16381
2.42150 0.27550 0.00429 0.03055 208.10007
2.36350 0.27550 0.00432 0.03507 210.86568
2.71150 0.15950 0.00396 0.01649 277.28014
2.85650 0.04350 0.00378 0.05518 70.72122
2.76950 0.27550 0.00397 0.03380 69.44197
0.76850 0.10150 0.00223 0.08246 282.78579
4.65450 0.10150 0.00132 0.07079 290.59299
4.48050 0.21750 0.00134 0.03430 331.01355
4.53850 0.21750 0.00134 0.03356 317.24622
1.72550 0.07250 0.00340 0.06764 81.29248
0.65250 0.10150 0.00216 0.09047 283.05775
2.56650 0.04350 0.00392 0.04733 82.28936
0.79750 0.10150 0.00225 0.08018 282.08078
2.74050 0.04350 0.00386 0.04993 79.04339
1.72550 0.18850 0.00361 0.03558 279.69266
0.04350 0.36250 0.00207 0.05014 273.26984
4.01650 0.47850 0.00136 0.03846 215.40087
2.94350 0.27550 0.00384 0.04917 44.46439
3.98750 0.47850 0.00137 0.03647 214.31756
1.26150 0.44950 0.00359 0.06806 316.73246
0.10150 0.36250 0.00209 0.03015 274.68000
2.97250 0.39150 0.00400 0.03909 30.22479
0.30450 0.47850 0.00210 0.01189 97.73478
3.98750 0.36250 0.00137 0.03701 211.90364
0.21750 0.36250 0.00209 0.01293 276.26188
1.05850 0.44950 0.00311 0.09865 288.49923
3.14650 0.50750 0.00406 0.02213 146.29557
3.95850 0.36250 0.00138 0.03364 211.22370
3.49450 0.27550 0.00274 0.04357 58.64835
3.43650 0.27550 0.00309 0.02910 54.69347
1.49350 0.44950 0.00396 0.04414 185.93019
3.43650 0.50750 0.00295 0.10973 82.74869
1.31950 0.33350 0.00327 0.08788 333.90147
1.52250 0.33350 0.00334 0.07009 313.39281
3.37850 0.50750 0.00313 0.11248 87.19203
2.47950 0.53650 0.00454 0.02036 320.97985
4.16150 0.47850 0.00135 0.04179 217.35795
2.36350 0.30450 0.00437 0.03447 212.20094
2.30550 0.42050 0.00459 0.03593 217.77568
2.36350 0.53650 0.00472 0.02585 206.04951
1.43550 0.33350 0.00330 0.07972 322.82536
2.65350 0.30450 0.00412 0.01859 285.31459
2.65350 0.42050 0.00421 0.03580 87.35819
1.81250 0.33350 0.00429 0.03397 187.52666
3.69750 0.27550 0.00225 0.06421 68.59794
2.74050 0.53650 0.00430 0.04844 69.18923
1.63850 0.33350 0.00373 0.03961 331.00160
2.65350 0.53650 0.00433 0.05019 83.07607
2.56650 0.42050 0.00432 0.02020 301.99035
3.81350 0.27550 0.00172 0.08501 87.54587
1.72550 0.33350 0.00413 0.03300 181.44121
3.52350 0.27550 0.00258 0.04948 58.01548
0.94250 0.47850 0.00243 0.07060 82.98672
2.62450 0.53650 0.00435 0.04700 88.00028
3.14650 0.53650 0.00410 0.02198 142.07701
3.08850 0.53650 0.00419 0.02398 152.91137
0.24650 0.39150 0.00210 0.00576 278.18639
2.10250 0.33350 0.00445 0.04186 207.65464
4.01650 0.39150 0.00136 0.03999 213.30858
3.11750 0.30450 0.00380 0.03680 19.04540
0.27550 0.50750 0.00210 0.01045 96.09798
2.91450 0.30450 0.00388 0.04908 46.98973
1.26150 0.47850 0.00356 0.06122 312.33223
3.87150 0.50750 0.00141 0.01967 345.84364
2.13150 0.33350 0.00446 0.04219 209.42655
4.13250 0.27550 0.00136 0.04272 194.96338
3.87150 0.39150 0.00145 0.02171 323.65254
4.33550 0.27550 0.00135 0.03774 188.13440
0.53650 0.50750 0.00214 0.03425 98.68130
3.29150 0.42050 0.00365 0.01286 64.57115
3.46550 0.53650 0.00282 0.11364 83.08574
4.24850 0.50750 0.00135 0.03747 217.79049
4.27750 0.50750 0.00135 0.03550 217.53809
0.39150 0.39150 0.00212 0.00575 244.99515
3.32050 0.42050 0.00352 0.03399 89.86515
1.37750 0.36250 0.00353 0.08552 338.62531
3.23350 0.30450 0.00371 0.02488 6.57667
1.40650 0.47850 0.00393 0.02330 316.84313
0.33350 0.50750 0.00210 0.01780 97.48830
1.43550 0.36250 0.00349 0.07133 331.61328
2.79850 0.44950 0.00413 0.04889 60.76099
3.66850 0.30450 0.00235 0.06760 59.24266
3.55250 0.30450 0.00252 0.05409 59.17248
4.48050 0.39150 0.00134 0.01927 183.98815
1.87050 0.36250 0.00439 0.03431 190.63197
3.72650 0.42050 0.00213 0.12274 80.97665
3.75550 0.42050 0.00197 0.12179 84.35494
0.88450 0.39150 0.00233 0.01926 63.04917
4.59650 0.50750 0.00133 0.02214 285.66816
4.65450 0.39150 0.00132 0.03520 278.90578
4.48050 0.50750 0.00135 0.01385 180.66187
2.74050 0.33350 0.00404 0.03749 72.84109
4.62550 0.50750 0.00133 0.02863 278.75833
1.08750 0.50750 0.00304 0.07661 291.04449
1.95750 0.36250 0.00444 0.03718 197.49927
0.15950 0.30450 0.00208 0.02930 276.09397
3.92950 0.42050 0.00139 0.03019 206.98946
1.17450 0.50750 0.00329 0.06511 297.63558
3.08850 0.44950 0.00405 0.02620 171.01942
1.23250 0.39150 0.00356 0.08354 320.32263
2.13150 0.47850 0.00472 0.04169 217.19150
2.21850 0.36250 0.00451 0.04090 215.01497
4.10350 0.53650 0.00135 0.03843 215.79938
2.07350 0.47850 0.00470 0.03986 212.50978
0.04350 0.30450 0.00206 0.05373 273.67079
3.87150 0.53650 0.00141 0.01853 347.28343
2.53750 0.36250 0.00430 0.01654 346.29140
3.23350 0.33350 0.00374 0.02153 177.76364
2.47950 0.36250 0.00436 0.02135 194.34873
1.55150 0.39150 0.00377 0.04630 344.15660
3.32050 0.44950 0.00353 0.04079 87.44272
0.62350 0.53650 0.00217 0.04068 102.20493
0.33350 0.30450 0.00210 0.02321 286.26415
4.27750 0.53650 0.00135 0.03351 217.31107
4.36450 0.53650 0.00135 0.02506 213.03058
4.19050 0.53650 0.00135 0.03812 217.14342
2.33450 0.36250 0.00448 0.03508 215.12182
4.36450 0.42050 0.00134 0.03150 210.82338
2.53750 0.47850 0.00441 0.02251 301.85429
4.65450 0.42050 0.00132 0.03512 277.67333
1.69650 0.39150 0.00425 0.03276 180.54216
0.73950 0.42050 0.00223 0.02049 106.99379
3.72650 0.44950 0.00203 0.11249 82.40367
2.74050 0.36250 0.00406 0.04168 71.85629
1.60950 0.39150 0.00395 0.03846 351.31160
2.56650 0.36250 0.00426 0.01610 324.27615
0.82650 0.53650 0.00226 0.02489 127.34405
4.68350 0.42050 0.00131 0.04439 273.95318
3.75550 0.44950 0.00193 0.11643 85.01363
0.71050 0.42050 0.00222 0.02162 102.52593
2.71150 0.47850 0.00421 0.04981 74.69141
1.84150 0.39150 0.00442 0.03217 187.62642
3.17550 0.47850 0.00398 0.02081 146.68411
3.03050 0.36250 0.00393 0.03791 22.83145
0.15950 0.33350 0.00209 0.02309 275.16747
2.94350 0.47850 0.00418 0.03191 25.10366
0.13050 0.44950 0.00210 0.01998 276.37819
1.14550 0.53650 0.00318 0.06440 289.00327
0.97150 0.30450 0.00270 0.14441 277.79626
1.05850 0.53650 0.00293 0.07691 283.74897
0.24650 0.33350 0.00209 0.01813 279.68575
2.21850 0.39150 0.00457 0.04073 216.59417
3.17550 0.36250 0.00384 0.02538 176.34059
2.16050 0.39150 0.00457 0.04153 214.05737
1.95750 0.39150 0.00449 0.03612 197.74769
1.43550 0.42050 0.00381 0.03439 347.72602
0.47850 0.56550 0.00212 0.03706 99.69362
3.37850 0.47850 0.00310 0.11813 88.39916
3.23350 0.47850 0.00387 0.01545 138.33258
3.37850 0.36250 0.00316 0.07415 275.07550
0.56550 0.56550 0.00214 0.04252 101.40771
4.33550 0.44950 0.00134 0.03363 214.71563
3.46550 0.47850 0.00288 0.10939 81.08619
0.33350 0.33350 0.00210 0.01396 290.77225
3.29150 0.36250 0.00364 0.00963 12.59333
2.42150 0.39150 0.00446 0.02613 206.28068
3.34950 0.36250 0.00335 0.04199 273.86491
0.47850 0.44950 0.00213 0.02217 93.12823
0.82650 0.56550 0.00226 0.02646 127.92247
2.56650 0.50750 0.00439 0.03163 283.58805
4.65450 0.33350 0.00132 0.03632 281.57910
4.74150 0.33350 0.00129 0.07470 271.38072
3.69750 0.36250 0.00248 0.14149 76.15036
1.60950 0.42050 0.00411 0.03619 358.76496
4.48050 0.44950 0.00134 0.01652 185.27921
0.88450 0.44950 0.00232 0.01476 38.56280
2.59550 0.39150 0.00426 0.02089 293.68121
4.71250 0.33350 0.00131 0.05680 273.24977
4.74150 0.44950 0.00129 0.07379 270.29506
2.79850 0.50750 0.00423 0.04521 59.24273
1.78350 0.42050 0.00443 0.02978 182.40597
1.20350 0.56550 0.00332 0.05231 286.02363
3.95850 0.59450 0.00137 0.02787 210.82624
1.05850 0.56550 0.00290 0.07398 277.72924
1.08750 0.79750 0.00303 0.11265 80.58367
3.00150 0.73950 0.00470 0.02653 150.26583
0.04350 0.71050 0.00201 0.03461 274.37458
1.00050 0.68150 0.00271 0.08968 82.90272
1.11650 0.56550 0.00307 0.06517 280.37877
0.30450 0.59450 0.00209 0.01807 92.47440
0.97150 0.68150 0.00266 0.07688 83.88450
0.24650 0.59450 0.00210 0.00715 254.42872
2.94350 0.62350 0.00451 0.02333 177.00270
3.11750 0.62350 0.00427 0.02295 140.42778
0.36250 0.59450 0.00210 0.02621 96.02159
2.24750 0.65250 0.00503 0.03629 220.94382
1.37750 0.68150 0.00369 0.04867 78.98330
1.31950 0.79750 0.00309 0.13905 69.72752
4.27750 0.71050 0.00136 0.01990 210.93413
0.42050 0.82650 0.00210 0.03891 91.14871
4.42250 0.59450 0.00135 0.01498 197.68492
2.50850 0.76850 0.00481 0.05313 280.21225
0.59450 0.71050 0.00215 0.05319 103.60257
2.47950 0.65250 0.00466 0.03256 295.15616
3.20450 0.62350 0.00405 0.01642 132.95195
0.53650 0.82650 0.00214 0.04837 100.03680
2.27650 0.65250 0.00499 0.03220 215.87692
1.72550 0.79750 0.00481 0.03193 335.18475
1.81250 0.68150 0.00475 0.02189 349.81921
3.61050 0.62350 0.00236 0.11890 88.36618
0.85550 0.82650 0.00240 0.02147 11.47218
0.68150 0.59450 0.00219 0.04616 106.56608
0.88450 0.59450 0.00231 0.01687 0.27170
1.60950 0.56550 0.00404 0.03683 316.76036
3.52350 0.73950 0.00258 0.12597 272.90760
0.79750 0.59450 0.00224 0.03400 120.27585
3.55250 0.73950 0.00250 0.12664 272.95120
3.61050 0.73950 0.00232 0.12576 273.61982
1.63850 0.56550 0.00417 0.02841 317.78193
1.78350 0.56550 0.00462 0.02032 350.96874
4.10350 0.73950 0.00135 0.02318 202.49440
1.02950 0.59450 0.00279 0.07652 270.53910
3.84250 0.62350 0.00147 0.04012 286.90851
0.13050 0.62350 0.00210 0.02124 285.31189
3.92950 0.62350 0.00138 0.02317 208.51178
2.18950 0.79750 0.00536 0.04015 222.71907
2.10250 0.79750 0.00537 0.04862 227.92607
0.30450 0.73950 0.00209 0.01992 258.76903
2.07350 0.79750 0.00534 0.04964 227.88238
4.10350 0.62350 0.00135 0.03209 211.50574
3.90050 0.62350 0.00139 0.01928 199.19609
2.21850 0.68150 0.00510 0.03872 222.72863
3.11750 0.76850 0.00447 0.02549 145.06321
3.26250 0.65250 0.00383 0.00903 26.42323
4.19050 0.73950 0.00136 0.02218 208.74856
2.53750 0.56550 0.00449 0.03367 286.28199
4.42250 0.62350 0.00136 0.01334 193.44226
2.36350 0.68150 0.00489 0.02175 357.52303
0.33350 0.73950 0.00209 0.02573 265.09584
0.36250 0.73950 0.00209 0.03040 269.11425
3.32050 0.65250 0.00348 0.05011 79.12959
3.20450 0.65250 0.00407 0.01590 134.84708
1.43550 0.59450 0.00381 0.01823 334.41907
4.19050 0.62350 0.00135 0.03164 214.67454
2.50850 0.79750 0.00487 0.05610 279.33472
4.30650 0.62350 0.00135 0.02446 214.25521
1.89950 0.71050 0.00485 0.02824 198.00513
1.63850 0.59450 0.00413 0.03171 301.01333
2.56650 0.79750 0.00489 0.05897 271.22425
3.66850 0.76850 0.00220 0.12303 273.40174
1.72550 0.59450 0.00454 0.01760 332.00795
1.87050 0.71050 0.00482 0.02572 189.67111
2.82750 0.79750 0.00508 0.02017 13.32671
1.60950 0.59450 0.00396 0.04187 297.89941
2.71150 0.68150 0.00464 0.04428 71.43001
1.72550 0.82650 0.00486 0.03330 339.43187
1.60950 0.82650 0.00445 0.03937 299.42356
2.59550 0.68150 0.00460 0.05577 89.21912
4.65450 0.62350 0.00132 0.03824 271.82829
1.05850 0.73950 0.00287 0.10517 80.65322
2.91450 0.56550 0.00438 0.02631 19.65382
1.08750 0.62350 0.00294 0.06985 86.19138
3.08850 0.56550 0.00423 0.02382 148.87947
4.10350 0.65250 0.00135 0.02983 209.59003
2.16050 0.71050 0.00518 0.04421 226.27384
0.21750 0.76850 0.00210 0.00883 352.90719
0.24650 0.65250 0.00210 0.00783 240.78184
0.15950 0.76850 0.00211 0.01704 301.32120
2.88550 0.68150 0.00470 0.02209 8.25116
2.07350 0.82650 0.00542 0.05053 228.28924
2.10250 0.82650 0.00544 0.04892 227.92486
3.84250 0.65250 0.00148 0.04106 285.88789
4.16150 0.76850 0.00136 0.02035 204.34842
2.36350 0.82650 0.00507 0.02799 320.62419
1.29050 0.62350 0.00352 0.03750 272.52208
2.39250 0.82650 0.00502 0.03359 306.36845
1.31950 0.73950 0.00337 0.09035 73.45443
3.20450 0.56550 0.00401 0.01767 132.98241
1.40650 0.73950 0.00362 0.13481 83.85084
2.30550 0.71050 0.00504 0.02651 202.65645
4.33550 0.76850 0.00137 0.01184 198.72579
1.37750 0.62350 0.00377 0.02404 280.42637
0.44950 0.65250 0.00210 0.04015 98.47925
2.24750 0.59450 0.00492 0.03759 221.99174
0.56550 0.76850 0.00214 0.05220 102.09782
2.65350 0.82650 0.00508 0.04459 77.98692
0.82650 0.65250 0.00226 0.02914 132.91390
2.79850 0.71050 0.00479 0.02636 44.29306
0.85550 0.65250 0.00228 0.02315 148.85794
4.77050 0.65250 0.00004 0.00000 180.00000
2.68250 0.71050 0.00471 0.04737 76.01362
2.56650 0.59450 0.00448 0.04355 276.61914
2.76950 0.71050 0.00477 0.03081 55.45891
2.85650 0.71050 0.00480 0.02175 16.45198
3.69750 0.68150 0.00201 0.11633 273.35113
2.71150 0.59450 0.00441 0.04992 73.22050
4.48050 0.76850 0.00136 0.01059 298.86534
3.58150 0.68150 0.00245 0.12380 270.44892
0.97150 0.76850 0.00275 0.05708 81.30345
3.17550 0.71050 0.00423 0.01987 138.28503
0.07250 0.79750 0.00203 0.02241 280.69819
2.07350 0.62350 0.00494 0.04259 221.00114
3.08850 0.82650 0.00464 0.02867 148.10054
0.01450 0.79750 0.00181 0.01447 270.91064
0.27550 0.68150 0.00209 0.01383 255.42097
1.95750 0.73950 0.00499 0.03720 214.10871
0.18850 0.68150 0.00210 0.00973 313.20879
1.11650 0.65250 0.00300 0.07623 83.74945
1.20350 0.76850 0.00316 0.10738 77.15576
3.90050 0.79750 0.00141 0.01383 339.95317
2.88550 0.59450 0.00446 0.02628 25.97992
2.42150 0.62350 0.00472 0.02087 333.99966
3.34950 0.71050 0.00292 0.11855 87.25852
3.23350 0.71050 0.00402 0.01168 151.35039
0.33350 0.79750 0.00209 0.02593 260.79192
4.39350 0.68150 0.00136 0.01260 195.60198
3.46550 0.59450 0.00280 0.11643 86.05007
3.37850 0.82650 0.00296 0.10012 274.11824
4.33550 0.56550 0.00135 0.02633 215.02411
4.36450 0.56550 0.00135 0.02309 212.18951
4.30650 0.68150 0.00136 0.01998 211.16045
0.50750 0.68150 0.00212 0.04730 100.32868
3.34950 0.82650 0.00325 0.07845 87.61831
3.40750 0.82650 0.00279 0.11555 278.12940
3.63950 0.71050 0.00222 0.12201 273.11028
2.79850 0.73950 0.00489 0.02430 40.00787
3.66850 0.59450 0.00215 0.11320 88.37499
0.88450 0.79750 0.00241 0.02205 24.65900
4.68350 0.79750 0.00130 0.04900 89.56737
2.62450 0.73950 0.00476 0.05504 84.30702
0.71050 0.68150 0.00220 0.04868 110.99273
2.74050 0.62350 0.00449 0.04384 67.43644
3.66850 0.71050 0.00211 0.12009 273.88199
2.62450 0.62350 0.00448 0.05402 86.05116
4.50950 0.79750 0.00136 0.01347 285.05743
4.68350 0.68150 0.00131 0.04838 270.03553
1.84150 0.76850 0.00487 0.02660 185.32701
2.94350 0.97150 0.00537 0.03031 145.49732
4.01650 0.94250 0.00138 0.01151 335.23877
3.03050 0.85550 0.00486 0.03023 147.27730
2.91450 0.97150 0.00546 0.02881 146.69602
1.05850 1.02950 0.00433 0.01798 206.80729
3.08850 0.85550 0.00469 0.02953 148.81328
0.01450 0.94250 0.00175 0.03933 91.18014
3.05950 0.97150 0.00498 0.03154 148.41630
3.92950 0.82650 0.00139 0.01302 348.97486
2.01550 0.88450 0.00550 0.05264 227.40196
0.27550 1.05850 0.00221 0.01421 340.81271
3.17550 1.08750 0.00480 0.02863 159.79293
0.24650 1.05850 0.00221 0.01608 328.00972
1.58050 1.02950 0.00511 0.03762 355.47163
2.33450 0.88450 0.00522 0.02823 325.91588
0.53650 1.05850 0.00224 0.00815 107.34564
0.44950 0.94250 0.00213 0.03200 269.92838
1.43550 1.02950 0.00506 0.04344 352.99276
3.32050 0.85550 0.00371 0.04306 57.49105
2.53750 0.88450 0.00515 0.06102 273.34441
1.37750 1.02950 0.00500 0.04459 356.49019
4.30650 0.94250 0.00139 0.00523 354.51815
3.40750 1.08750 0.00431 0.03929 173.20241
3.34950 1.08750 0.00439 0.03655 169.85218
0.33350 1.05850 0.00218 0.01157 202.46365
4.36450 1.05850 0.00140 0.00145 283.55719
4.65450 1.05850 0.00132 0.03264 88.06862
1.75450 0.91350 0.00502 0.03443 181.71453
3.61050 0.97150 0.00374 0.02124 23.02859
4.71250 0.82650 0.00129 0.06018 89.35262
4.77050 0.82650 0.00004 0.00000 180.00000
1.87050 1.02950 0.00559 0.05261 221.00766
4.56750 1.05850 0.00136 0.01427 85.01635
0.76850 0.94250 0.00241 0.01830 11.69677
2.82750 1.00050 0.00579 0.02265 157.32954
2.71150 1.00050 0.00591 0.01973 40.72416
3.55250 1.08750 0.00418 0.03544 177.84959
3.58150 0.97150 0.00377 0.02443 25.71543
4.74150 0.82650 0.00126 0.07795 89.44874
4.01650 1.08750 0.00142 0.00847 287.30159
1.11650 1.05850 0.00459 0.03054 199.71062
1.98650 1.02950 0.00594 0.05708 227.76210
2.94350 0.88450 0.00515 0.02855 148.82632
1.92850 0.91350 0.00535 0.04841 220.89530
3.98750 1.08750 0.00145 0.00905 280.70135
0.27550 1.08750 0.00225 0.01566 330.76777
4.01650 0.97150 0.00138 0.01066 327.29384
0.30450 1.08750 0.00223 0.01284 344.60009
0.15950 0.85550 0.00211 0.01782 304.25186
0.97150 0.94250 0.00334 0.01363 51.46495
0.04350 0.97150 0.00189 0.02977 90.40416
3.03050 0.88450 0.00491 0.03088 147.19007
3.49450 1.00050 0.00403 0.03792 15.08813
2.53750 1.02950 0.00581 0.05536 270.36223
3.40750 0.88450 0.00349 0.05590 76.19493
3.43650 0.88450 0.00341 0.05328 81.53836
3.37850 1.00050 0.00417 0.04448 2.53823
3.23350 0.88450 0.00428 0.02900 164.35851
3.37850 0.88450 0.00359 0.05440 66.87055
1.46450 0.94250 0.00481 0.04370 337.91371
3.46550 0.88450 0.00335 0.04990 86.21953
1.40650 1.05850 0.00506 0.04245 357.16455
0.42050 1.08750 0.00221 0.00829 225.39109
4.24850 0.85550 0.00137 0.01121 197.70768
4.36450 0.97150 0.00139 0.00389 318.64780
4.65450 0.85550 0.00131 0.03926 89.75190
1.81250 0.94250 0.00513 0.03847 202.19138
0.85550 0.85550 0.00245 0.02203 20.03865
3.69750 1.00050 0.00366 0.01529 4.80098
4.62550 1.08750 0.00133 0.02367 86.26965
4.77050 1.08750 0.00004 0.00000 180.00000
4.56750 0.97150 0.00135 0.01822 270.18868
0.76850 0.85550 0.00229 0.02453 146.50424
4.48050 0.85550 0.00137 0.01093 287.40718
0.82650 1.08750 0.00341 0.01339 81.75491
2.71150 1.02950 0.00605 0.01852 34.23924
0.91350 0.85550 0.00265 0.02485 43.71176
0.65250 0.85550 0.00219 0.04052 112.18478
0.04350 1.11650 0.00184 0.07979 90.88328
3.92950 1.00050 0.00148 0.01153 298.87608
0.01450 0.88450 0.00177 0.01705 91.07522
3.03050 1.02950 0.00519 0.03141 146.64887
3.00150 1.02950 0.00530 0.03145 145.40047
2.18950 0.94250 0.00565 0.03533 211.45878
0.15950 1.00050 0.00214 0.01558 310.78473
1.00050 0.85550 0.00320 0.03244 75.66818
1.98650 0.94250 0.00563 0.05468 227.11232
3.84250 1.00050 0.00194 0.01950 284.03624
2.94350 0.91350 0.00523 0.02934 147.34457
3.98750 1.00050 0.00140 0.00999 312.11937
0.13050 1.00050 0.00209 0.00930 322.95753
1.55150 0.85550 0.00437 0.04166 298.11537
3.23350 1.02950 0.00454 0.03265 163.59659
2.27650 0.94250 0.00544 0.02688 349.77714
1.52250 1.08750 0.00510 0.03630 180.52086
1.29050 0.97150 0.00463 0.04017 185.05624
1.34850 0.97150 0.00476 0.04247 355.00221
3.20450 1.02950 0.00462 0.03136 161.05659
0.56550 1.11650 0.00241 0.00766 88.13070
1.40650 1.08750 0.00506 0.04041 359.10682
3.20450 0.91350 0.00443 0.03081 160.32991
1.43550 0.85550 0.00376 0.05810 76.14793
3.29150 1.02950 0.00440 0.03674 168.22217
4.16150 1.00050 0.00138 0.00675 346.21063
2.59550 0.94250 0.00550 0.04831 84.27407
0.94250 1.11650 0.00437 0.01291 194.58539
4.59650 1.00050 0.00134 0.02176 88.73575
4.48050 0.88450 0.00137 0.01066 285.00064
1.78350 0.85550 0.00495 0.03114 359.02493
2.65350 0.94250 0.00559 0.03466 72.74656
3.75550 1.02950 0.00328 0.00947 19.48701
4.68350 0.88450 0.00130 0.04809 89.40431
1.87050 0.97150 0.00537 0.04737 216.76104
3.61050 1.02950 0.00398 0.02773 6.08688
3.63950 1.02950 0.00394 0.02465 3.32552
0.73950 0.88450 0.00228 0.02396 142.39350
1.60950 1.08750 0.00516 0.03532 187.36847
3.84250 0.91350 0.00175 0.02995 289.92918
0.04350 0.91350 0.00192 0.01054 266.95580
3.03050 0.94250 0.00502 0.03172 146.83603
1.17450 1.00050 0.00451 0.03483 201.08357
4.13250 0.91350 0.00137 0.01136 181.46234
1.00050 0.88450 0.00331 0.01997 67.78839
2.16050 1.08750 0.00599 0.03457 200.94590
3.98750 1.02950 0.00141 0.00950 302.53594
1.11650 1.11650 0.00472 0.03284 194.84037
0.01450 1.02950 0.00172 0.07269 90.96955
1.98650 0.85550 0.00533 0.04938 224.61437
3.11750 1.05850 0.00493 0.02969 153.77157
3.03050 1.05850 0.00525 0.03098 146.73574
1.49350 0.88450 0.00437 0.03793 304.71235
4.16150 0.91350 0.00137 0.01069 185.31579
3.49450 1.05850 0.00418 0.03953 0.01449
2.36350 0.85550 0.00511 0.03053 315.42460
2.30550 0.85550 0.00524 0.02488 351.77218
4.30650 0.91350 0.00138 0.00619 358.14941
1.34850 1.00050 0.00490 0.04472 357.51379
2.42150 0.85550 0.00504 0.04401 293.86865
4.21950 0.91350 0.00138 0.00902 188.66892
0.62350 0.91350 0.00220 0.03298 112.34989
0.47850 1.02950 0.00218 0.01742 269.40799
4.33550 1.02950 0.00140 0.00201 325.75599
2.33450 0.97150 0.00537 0.03596 311.75393
1.69650 0.88450 0.00495 0.03709 343.32887
2.82750 0.85550 0.00528 0.01980 0.54979
1.89950 0.88450 0.00517 0.04235 214.60189
2.62450 1.08750 0.00630 0.02899 69.63362
0.88450 1.02950 0.00334 0.01414 63.54367
1.89950 1.11650 0.00605 0.05989 226.56973
2.79850 0.97150 0.00574 0.01951 171.54183
0.65250 0.91350 0.00222 0.02972 118.65200
1.89950 1.00050 0.00557 0.05312 222.42895
4.48050 1.02950 0.00138 0.00716 89.03983
1.60950 0.88450 0.00481 0.04375 330.10081
2.71150 1.08750 0.00632 0.01702 19.16933
2.79850 0.85550 0.00530 0.01926 16.56247
3.90050 1.17450 0.00198 0.01126 56.04180
2.18950 1.34850 0.00647 0.04552 316.53998
0.07250 1.29050 0.00189 0.10862 269.65186
2.01550 1.11650 0.00626 0.05402 224.94000
0.10150 1.29050 0.00201 0.07510 268.54274
0.24650 1.17450 0.00240 0.02017 313.63416
2.97250 1.20350 0.00583 0.02775 145.66271
1.00050 1.37750 0.00519 0.03091 182.26172
3.84250 1.17450 0.00267 0.01042 33.09532
2.97250 1.31950 0.00619 0.02327 150.80188
2.21850 1.11650 0.00589 0.03107 346.37518
0.30450 1.17450 0.00241 0.01960 315.84769
3.00150 1.20350 0.00571 0.02680 148.00595
0.56550 1.17450 0.00265 0.01715 288.35044
2.47950 1.11650 0.00612 0.06084 276.20915
3.49450 1.31950 0.00450 0.02543 1.68998
3.49450 1.20350 0.00444 0.03143 176.04039
3.32050 1.31950 0.00512 0.02240 5.02071
2.27650 1.11650 0.00579 0.03824 317.14070
3.40750 1.31950 0.00483 0.02432 4.10240
3.34950 1.31950 0.00502 0.02307 4.87294
2.53750 1.34850 0.00781 0.02578 74.54607
1.29050 1.37750 0.00533 0.03014 185.75031
2.36350 1.11650 0.00579 0.05800 292.84707
1.40650 1.37750 0.00549 0.03255 193.99355
1.37750 1.26150 0.00517 0.03305 185.38280
0.94250 1.29050 0.00493 0.02981 189.42125
2.76950 1.23250 0.00680 0.02395 148.50692
3.78450 1.31950 0.00354 0.01738 173.39034
2.74050 1.23250 0.00690 0.02146 154.41386
2.76950 1.34850 0.00721 0.02633 142.32924
3.69750 1.20350 0.00414 0.02428 177.11992
0.88450 1.29050 0.00490 0.02928 189.15674
2.85650 1.23250 0.00643 0.02828 142.15345
1.69650 1.26150 0.00594 0.05446 218.46922
2.68250 1.34850 0.00758 0.01974 155.90195
2.59550 1.23250 0.00711 0.02317 63.87738
0.73950 1.29050 0.00470 0.02876 185.48660
2.59550 1.11650 0.00642 0.03339 76.22595
2.91450 1.23250 0.00616 0.02804 143.35075
0.10150 1.20350 0.00201 0.05318 268.56683
0.27550 1.20350 0.00250 0.02307 311.48502
0.01450 1.20350 0.00167 0.13377 90.26555
1.11650 1.17450 0.00482 0.03336 191.51539
1.92850 1.26150 0.00659 0.05695 223.99691
3.05950 1.23250 0.00558 0.02367 155.56807
3.17550 1.23250 0.00520 0.02235 169.40397
0.04350 1.20350 0.00182 0.10925 90.38808
1.08750 1.29050 0.00500 0.03175 187.14740
1.14550 1.29050 0.00504 0.03239 185.99049
0.24650 1.20350 0.00248 0.02150 312.05854
1.23250 1.29050 0.00510 0.03260 184.59144
3.20450 1.11650 0.00478 0.02790 163.07847
4.30650 1.20350 0.00142 0.00509 154.29005
2.24750 1.14550 0.00589 0.03567 325.71735
1.46450 1.29050 0.00537 0.03420 191.94733
4.39350 1.20350 0.00142 0.00609 153.05635
2.27650 1.37750 0.00686 0.06748 296.98656
1.29050 1.17450 0.00499 0.03752 184.73955
4.27750 1.20350 0.00142 0.00453 160.40570
0.62350 1.31950 0.00429 0.03372 358.45368
1.52250 1.17450 0.00518 0.03414 188.77806
0.39150 1.20350 0.00250 0.01921 312.27770
2.30550 1.26150 0.00635 0.06065 297.34669
3.49450 1.11650 0.00427 0.03729 174.32151
2.79850 1.14550 0.00639 0.02424 149.58360
2.79850 1.26150 0.00679 0.02695 142.96425
0.71050 1.20350 0.00363 0.01567 321.57997
0.82650 1.20350 0.00445 0.01736 185.88463
3.78450 1.23250 0.00363 0.01692 178.91652
1.69650 1.29050 0.00605 0.05725 220.42326
3.78450 1.34850 0.00338 0.01595 160.55399
4.53850 1.31950 0.00139 0.01469 144.72991
4.62550 1.31950 0.00134 0.01168 46.97732
3.61050 1.34850 0.00386 0.02182 164.42248
3.75550 1.23250 0.00388 0.01962 177.51679
0.65250 1.20350 0.00323 0.01892 302.94263
1.84150 1.29050 0.00653 0.06288 226.35319
1.14550 1.31950 0.00510 0.03162 185.13536
0.15950 1.23250 0.00228 0.01246 233.78325
2.13150 1.29050 0.00638 0.03312 351.31697
1.20350 1.31950 0.00514 0.03165 184.53061
2.10250 1.17450 0.00629 0.03877 206.41965
4.07450 1.23250 0.00148 0.00855 48.88975
1.02950 1.31950 0.00504 0.03115 186.65503
3.98750 1.11650 0.00147 0.00916 89.06183
4.10350 1.34850 0.00157 0.01419 13.69357
3.95850 1.11650 0.00152 0.00995 84.00304
0.30450 1.34850 0.00310 0.03386 318.91596
1.92850 1.17450 0.00634 0.05998 226.70911
4.13250 1.23250 0.00144 0.00645 38.20212
2.47950 1.17450 0.00649 0.05737 275.04977
1.43550 1.20350 0.00512 0.03398 185.65857
0.39150 1.34850 0.00327 0.03601 327.31161
1.34850 1.31950 0.00527 0.03204 186.19997
2.36350 1.17450 0.00605 0.06294 290.69242
4.36450 1.11650 0.00141 0.00161 174.99936
3.20450 1.37750 0.00566 0.01841 5.32968
3.20450 1.14550 0.00485 0.02650 164.61593
0.47850 1.23250 0.00274 0.02219 308.65174
0.44950 1.23250 0.00268 0.02246 308.52833
3.49450 1.37750 0.00407 0.01992 166.73807
1.37750 1.20350 0.00508 0.03463 184.23884
3.49450 1.14550 0.00432 0.03525 173.82851
3.69750 1.26150 0.00413 0.02429 178.67875
1.89950 1.31950 0.00669 0.05667 223.67011
4.65450 1.11650 0.00132 0.02976 86.68668
3.52350 1.14550 0.00429 0.03487 174.35481
1.69650 1.31950 0.00616 0.05943 221.93777
0.68150 1.34850 0.00473 0.03760 185.98349
1.78350 1.20350 0.00602 0.05868 222.90752
1.60950 1.31950 0.00585 0.04893 213.41074
4.50950 1.23250 0.00140 0.00768 159.25181
1.81250 1.31950 0.00653 0.06333 226.18350
1.63850 1.31950 0.00595 0.05273 216.77429
3.61050 1.26150 0.00432 0.02783 179.75295
0.94250 1.34850 0.00510 0.03156 184.54352
3.87150 1.26150 0.00265 0.01246 17.89704
1.08750 1.34850 0.00514 0.03082 184.29889
0.15950 1.14550 0.00221 0.00774 180.96224
2.21850 1.31950 0.00642 0.04800 312.07859
0.04350 1.37750 0.00177 0.16336 269.62121
0.30450 1.14550 0.00234 0.01708 321.60732
2.94350 1.17450 0.00587 0.02906 143.78855
4.04550 1.26150 0.00155 0.01077 41.38612
0.07250 1.26150 0.00190 0.09980 269.83925
0.10150 1.37750 0.00200 0.09682 268.25408
1.23250 1.23250 0.00501 0.03480 185.47467
2.88550 1.29050 0.00646 0.02745 142.74190
3.98750 1.14550 0.00150 0.00950 77.60200
0.50750 1.37750 0.00384 0.04147 357.27698
0.53650 1.26150 0.00310 0.02520 317.07468
4.24850 1.37750 0.00149 0.01988 169.62296
4.39350 1.14550 0.00141 0.00307 166.23551
4.39350 1.37750 0.00145 0.02636 147.12374
4.19050 1.14550 0.00141 0.00186 76.93605
4.45150 1.14550 0.00140 0.00339 10.18403
1.43550 1.23250 0.00517 0.03344 186.59373
0.56550 1.26150 0.00324 0.02438 321.96422
1.31950 1.34850 0.00530 0.03108 185.96558
2.24750 1.20350 0.00605 0.04106 317.20070
2.36350 1.31950 0.00693 0.06923 287.11064
4.33550 1.14550 0.00141 0.00265 153.82142
0.85550 1.26150 0.00479 0.02626 190.55265
4.74150 1.37750 0.00124 0.07074 87.39928
0.79750 1.26150 0.00471 0.02514 188.51048
2.76950 1.20350 0.00669 0.02324 150.56704
3.61050 1.29050 0.00420 0.02629 178.16925
1.60950 1.23250 0.00552 0.04071 204.10967
0.91350 1.14550 0.00441 0.01419 191.99887
2.59550 1.31950 0.00763 0.01694 45.40669
4.56750 1.14550 0.00136 0.00945 70.33802
1.60950 1.34850 0.00593 0.05081 216.04893
4.53850 1.26150 0.00139 0.00874 160.48725
1.75450 1.23250 0.00604 0.05834 222.04708
4.65450 1.26150 0.00132 0.02206 77.67122
2.18950 1.58050 0.00731 0.07860 300.29369
2.04450 1.58050 0.00666 0.03484 328.42698
1.23250 1.49350 0.00554 0.02270 359.52044
0.18850 1.52250 0.00245 0.02658 240.91818
0.15950 1.63850 0.00197 0.08824 263.68921
0.27550 1.40650 0.00317 0.03378 324.30063
0.15950 1.40650 0.00240 0.03155 251.88661
0.24650 1.63850 0.00225 0.04377 243.10715
2.18950 1.46450 0.00685 0.06301 305.02182
2.10250 1.58050 0.00674 0.05179 312.05711
3.87150 1.40650 0.00259 0.01286 130.42733
0.07250 1.63850 0.00166 0.20264 268.38531
0.18850 1.40650 0.00265 0.01675 208.26368
4.42250 1.63850 0.00135 0.10068 108.81467
2.27650 1.46450 0.00745 0.07532 294.32937
3.29150 1.43550 0.00503 0.01597 0.71751
4.24850 1.63850 0.00131 0.13433 106.67718
1.29050 1.49350 0.00558 0.02250 184.35964
0.39150 1.52250 0.00279 0.05274 228.65875
2.47950 1.46450 0.00856 0.03014 86.36675
1.34850 1.49350 0.00564 0.02304 191.26117
2.39250 1.46450 0.00830 0.05676 282.08207
3.23350 1.43550 0.00551 0.01673 6.72985
0.36250 1.52250 0.00285 0.03869 216.49668
4.39350 1.40650 0.00145 0.03281 142.57833
3.34950 1.55150 0.00356 0.02095 99.06219
0.88450 1.52250 0.00467 0.02785 201.82051
1.66750 1.49350 0.00642 0.05840 228.40150
1.66750 1.60950 0.00646 0.05067 232.39280
1.78350 1.60950 0.00682 0.05937 232.03953
1.75450 1.49350 0.00669 0.06214 229.78476
1.89950 1.49350 0.00688 0.04308 219.02742
4.62550 1.63850 0.00129 0.01492 162.60933
0.91350 1.63850 0.00399 0.03195 246.03387
3.72650 1.55150 0.00201 0.08765 269.15017
4.48050 1.52250 0.00140 0.05782 121.76590
4.71250 1.52250 0.00126 0.04717 81.91972
0.79750 1.63850 0.00227 0.05618 239.70612
4.77050 1.52250 0.00004 0.00000 180.00000
1.14550 1.40650 0.00530 0.02873 181.43608
0.30450 1.66750 0.00214 0.07712 249.03876
2.16050 1.60950 0.00714 0.07346 302.54777
0.24650 1.55150 0.00263 0.01901 192.36209
1.00050 1.52250 0.00554 0.02510 343.63752
0.27550 1.55150 0.00270 0.02235 190.80709
1.00050 1.63850 0.00531 0.01500 347.09414
4.13250 1.43550 0.00159 0.02571 156.69605
2.21850 1.60950 0.00775 0.08430 296.98453
3.92950 1.43550 0.00219 0.01604 122.63007
3.00150 1.58050 0.00693 0.01509 171.88601
2.97250 1.58050 0.00705 0.01604 165.66918
0.15950 1.66750 0.00191 0.10091 263.76452
0.62350 1.43550 0.00380 0.05536 219.94340
1.58050 1.63850 0.00616 0.02684 231.17018
4.30650 1.43550 0.00148 0.03825 143.78321
3.32050 1.46450 0.00461 0.01368 170.02114
1.55150 1.52250 0.00606 0.03634 221.87706
2.50850 1.60950 0.00938 0.01433 60.25016
2.24750 1.49350 0.00741 0.07749 296.71055
4.21950 1.55150 0.00143 0.09182 117.28508
0.44950 1.66750 0.00192 0.11391 241.80383
3.46550 1.46450 0.00339 0.02163 109.61640
3.49450 1.46450 0.00322 0.02552 103.99268
0.36250 1.66750 0.00207 0.09914 248.67618
0.59450 1.66750 0.00167 0.08681 207.08749
1.78350 1.63850 0.00682 0.05908 232.41249
0.71050 1.66750 0.00167 0.06423 357.29618
1.89950 1.52250 0.00689 0.04134 218.50830
2.56650 1.49350 0.00864 0.01257 19.42992
4.74150 1.43550 0.00123 0.07160 86.98174
0.79750 1.43550 0.00473 0.03739 194.02138
0.85550 1.66750 0.00273 0.04523 251.92958
2.62450 1.49350 0.00841 0.01755 155.39127
2.82750 1.49350 0.00739 0.02602 140.75553
4.56750 1.55150 0.00136 0.03660 125.80522
4.62550 1.43550 0.00134 0.01257 7.40194
0.85550 1.55150 0.00405 0.03579 229.02190
4.59650 1.43550 0.00136 0.01782 148.04915
1.11650 1.66750 0.00577 0.00964 330.40260
3.90050 1.46450 0.00217 0.02584 100.63600
3.87150 1.46450 0.00227 0.02904 97.41865
1.20350 1.55150 0.00565 0.01736 350.74934
0.07250 1.58050 0.00172 0.18859 268.69045
2.16050 1.40650 0.00658 0.04654 316.07074
3.11750 1.49350 0.00623 0.01525 5.45636
3.84250 1.58050 0.00170 0.09708 93.38379
3.05950 1.60950 0.00651 0.01304 2.28534
1.20350 1.66750 0.00581 0.00624 338.28380
1.98650 1.40650 0.00672 0.03579 203.13342
2.91450 1.49350 0.00703 0.02117 151.03741
2.10250 1.52250 0.00666 0.04620 315.98232
0.33350 1.46450 0.00321 0.03346 345.01674
1.37750 1.43550 0.00556 0.02897 194.18493
4.39350 1.46450 0.00144 0.05187 131.85830
4.33550 1.58050 0.00139 0.10128 113.95330
3.34950 1.60950 0.00320 0.03419 269.54754
4.27750 1.58050 0.00139 0.10500 113.53533
3.32050 1.60950 0.00344 0.02646 92.46886
2.24750 1.52250 0.00760 0.08035 295.97505
1.40650 1.66750 0.00585 0.00240 228.20791
2.45050 1.63850 0.00966 0.02809 89.12299
1.46450 1.55150 0.00588 0.02001 210.74280
3.37850 1.60950 0.00298 0.04175 267.80373
4.21950 1.46450 0.00152 0.04003 144.49560
2.82750 1.40650 0.00711 0.02726 140.64110
1.75450 1.55150 0.00673 0.06070 231.29302
4.50950 1.58050 0.00137 0.06022 116.99904
1.60950 1.55150 0.00626 0.04444 228.12875
2.82750 1.52250 0.00747 0.02546 140.89741
2.76950 1.40650 0.00740 0.02708 140.24319
4.74150 1.46450 0.00123 0.07191 86.74724
0.71050 1.58050 0.00225 0.08615 230.12801
2.79850 1.63850 0.00786 0.02461 137.35510
0.88450 1.46450 0.00522 0.03272 353.93051
4.56750 1.46450 0.00137 0.02881 132.84767
4.48050 1.46450 0.00142 0.04600 127.82910
3.63950 1.49350 0.00252 0.05515 90.57138
1.00050 1.58050 0.00546 0.02040 341.71604
3.05950 1.63850 0.00646 0.01220 2.39572
2.10250 1.43550 0.00655 0.03716 328.47835
1.05850 1.58050 0.00568 0.01887 337.53895
4.10350 1.49350 0.00159 0.04400 127.21368
0.01450 1.49350 0.00158 0.21269 269.70637
2.94350 1.52250 0.00703 0.01877 157.43885
3.90050 1.60950 0.00151 0.10785 96.62883
2.21850 1.55150 0.00748 0.07963 298.05513
1.23250 1.58050 0.00571 0.01362 350.53076
4.01650 1.60950 0.00140 0.10994 103.27782
0.10150 1.60950 0.00178 0.16034 267.86264
2.88550 1.52250 0.00722 0.02217 147.52881
4.45150 1.60950 0.00137 0.08541 112.00943
2.33450 1.66750 0.00936 0.06682 286.54730
2.24750 1.55150 0.00778 0.08291 295.35341
1.43550 1.46450 0.00572 0.03054 204.13964
0.59450 1.60950 0.00192 0.11561 224.77921
3.29150 1.40650 0.00519 0.01794 4.41095
4.33550 1.60950 0.00136 0.11365 110.32121
1.31950 1.46450 0.00555 0.02602 188.93370
2.24750 1.66750 0.00834 0.08710 293.83090
0.53650 1.49350 0.00287 0.08170 236.30021
4.27750 1.49350 0.00147 0.05871 130.51027
3.46550 1.63850 0.00236 0.07645 266.43769
1.31950 1.58050 0.00574 0.01190 181.34789
2.56650 1.43550 0.00832 0.01415 37.79329
0.76850 1.49350 0.00380 0.05051 226.37176
2.68250 1.43550 0.00793 0.02247 145.82900
3.58150 1.40650 0.00341 0.02132 129.70922
2.62450 1.66750 0.00894 0.01970 141.28568
3.58150 1.52250 0.00247 0.06145 268.48006
0.91350 1.49350 0.00513 0.02852 180.22099
0.85550 1.49350 0.00465 0.03240 202.29068
2.65350 1.55150 0.00847 0.02200 142.07247
4.50950 1.49350 0.00140 0.04667 124.69127
3.78450 1.63850 0.00154 0.11727 91.86667
2.74050 1.66750 0.00820 0.02548 133.85487
3.81350 1.40650 0.00288 0.01684 121.66992
2.10250 1.92850 0.00672 0.03719 186.11222
1.92850 1.69650 0.00691 0.03653 211.50168
0.15950 1.87050 0.00153 0.18388 267.06975
2.01550 1.92850 0.00685 0.04946 215.09735
2.16050 1.92850 0.00669 0.03710 334.22923
0.10150 1.75450 0.00160 0.19915 266.62915
1.95750 1.92850 0.00687 0.05683 223.95189
2.91450 1.78350 0.00733 0.01251 157.39070
0.30450 1.75450 0.00190 0.09750 258.48148
1.11650 1.84150 0.00568 0.00579 328.42493
2.97250 1.78350 0.00689 0.01003 172.26570
3.87150 1.87050 0.00068 0.15992 274.33578
2.13150 1.81250 0.00687 0.05142 314.17265
0.59450 1.87050 0.00135 0.04265 41.42604
4.21950 1.87050 0.00101 0.15863 268.70683
2.36350 1.92850 0.00912 0.06504 277.90959
1.52250 1.72550 0.00601 0.00893 238.78326
4.42250 1.75450 0.00128 0.11629 100.47892
1.58050 1.72550 0.00615 0.02053 232.42120
1.37750 1.72550 0.00586 0.00132 139.30447
0.33350 1.87050 0.00168 0.10207 99.05259
1.49350 1.84150 0.00608 0.01001 192.75859
4.33550 1.75450 0.00123 0.14765 98.25907
2.27650 1.69650 0.00882 0.08207 291.19339
1.55150 1.72550 0.00607 0.01375 234.05536
3.29150 1.78350 0.00292 0.05744 267.05590
4.68350 1.87050 0.00118 0.03737 79.42085
3.75550 1.89950 0.00088 0.11330 273.04070
3.52350 1.66750 0.00204 0.10295 267.56170
2.79850 1.81250 0.00791 0.01997 134.14793
3.58150 1.78350 0.00155 0.13220 269.95666
0.68150 1.75450 0.00128 0.11560 297.42289
1.87050 1.72550 0.00692 0.04916 225.67578
4.50950 1.87050 0.00123 0.07420 98.89234
1.72550 1.84150 0.00654 0.04914 230.06902
2.68250 1.92850 0.00855 0.02089 131.68138
3.55250 1.89950 0.00141 0.12270 91.04137
2.56650 1.92850 0.00951 0.01262 13.41983
1.69650 1.84150 0.00647 0.04349 228.42117
3.17550 1.81250 0.00402 0.02578 91.28933
0.18850 1.78350 0.00174 0.12935 263.62165
4.04550 1.66750 0.00124 0.12218 101.85992
0.30450 1.78350 0.00185 0.09703 262.50291
1.00050 1.87050 0.00382 0.03219 229.25778
1.17450 1.87050 0.00585 0.00743 337.12523
0.27550 1.78350 0.00185 0.09777 261.93289
0.07250 1.89950 0.00138 0.25063 268.15711
1.23250 1.87050 0.00590 0.00807 343.65455
3.90050 1.78350 0.00093 0.02028 96.91123
3.98750 1.66750 0.00125 0.11223 100.53498
3.08850 1.69650 0.00582 0.00908 173.23489
2.04450 1.72550 0.00675 0.03663 331.83274
2.45050 1.72550 0.00998 0.02858 87.57315
3.37850 1.81250 0.00228 0.09729 267.76164
2.36350 1.84150 0.00964 0.06264 279.52848
4.45150 1.89950 0.00121 0.10758 94.36603
2.27650 1.84150 0.00831 0.07251 290.29432
3.49450 1.92850 0.00154 0.14069 90.58646
0.50750 1.78350 0.00161 0.02829 255.65432
4.36450 1.78350 0.00123 0.14336 96.83452
2.47950 1.84150 0.01004 0.02571 77.02877
4.19050 1.66750 0.00126 0.14048 103.67420
3.40750 1.92850 0.00190 0.13300 269.10388
4.24850 1.66750 0.00127 0.14190 104.02547
4.27750 1.78350 0.00115 0.15986 95.45239
2.56650 1.84150 0.00956 0.01203 0.66675
3.75550 1.69650 0.00139 0.11514 91.39839
2.59550 1.72550 0.00925 0.01576 149.87180
2.85650 1.72550 0.00767 0.01822 143.77152
1.72550 1.87050 0.00651 0.04772 228.81520
1.66750 1.75450 0.00642 0.04177 231.78576
0.79750 1.78350 0.00153 0.11363 289.54325
4.77050 1.66750 0.00004 0.00000 180.00000
2.68250 1.72550 0.00863 0.02387 132.87765
3.58150 1.81250 0.00149 0.12822 90.27258
1.60950 1.75450 0.00624 0.02645 229.89212
3.69750 1.81250 0.00121 0.07225 90.40443
3.61050 1.92850 0.00121 0.07970 91.91251
3.05950 1.84150 0.00554 0.00789 128.04704
0.07250 1.81250 0.00148 0.23594 267.35697
0.27550 1.81250 0.00179 0.10419 265.67890
1.11650 1.89950 0.00564 0.00923 337.38014
3.95850 1.92850 0.00045 0.35606 273.38923
3.98750 1.92850 0.00050 0.27762 273.67817
4.13250 1.92850 0.00083 0.10174 260.37566
1.17450 1.89950 0.00584 0.01048 340.78733
2.13150 1.87050 0.00676 0.04110 327.75227
3.11750 1.72550 0.00523 0.00834 141.71551
1.05850 1.89950 0.00481 0.01345 208.31807
2.04450 1.75450 0.00677 0.03601 337.82929
4.01650 1.69650 0.00115 0.11022 101.37008
4.27750 1.92850 0.00104 0.16830 266.96180
1.58050 1.78350 0.00618 0.01896 226.55970
3.43650 1.72550 0.00221 0.09413 267.29656
0.42050 1.81250 0.00171 0.07124 94.28274
4.19050 1.81250 0.00104 0.15007 92.82637
4.16150 1.69650 0.00119 0.14374 101.43188
0.53650 1.69650 0.00168 0.07980 218.12940
1.43550 1.78350 0.00596 0.00176 230.98495
2.42150 1.75450 0.01003 0.03914 273.57451
2.47950 1.75450 0.00996 0.02149 76.98540
3.23350 1.72550 0.00370 0.02747 91.54365
0.36250 1.92850 0.00156 0.10869 113.96624
0.50750 1.81250 0.00158 0.02499 114.68869
1.75450 1.78350 0.00667 0.05524 232.38335
4.71250 1.92850 0.00115 0.05618 84.55628
4.68350 1.69650 0.00123 0.03387 75.29088
4.77050 1.69650 0.00004 0.00000 180.00000
0.65250 1.69650 0.00149 0.07358 344.91358
0.71050 1.81250 0.00109 0.22488 284.21483
2.65350 1.87050 0.00886 0.02020 135.18049
1.69650 1.89950 0.00642 0.04081 224.06667
2.62450 1.75450 0.00907 0.01920 139.81621
3.61050 1.84150 0.00136 0.10936 90.78066
0.94250 1.81250 0.00319 0.04392 242.53066
4.62550 1.92850 0.00119 0.00829 174.39257
0.68150 1.81250 0.00112 0.17511 283.55058
1.17450 1.92850 0.00582 0.01356 342.79473
1.95750 1.78350 0.00690 0.03928 209.06452
4.13250 1.72550 0.00113 0.13721 99.63257
0.13050 1.84150 0.00154 0.19576 266.39172
3.14650 1.87050 0.00422 0.02574 90.46744
2.97250 1.87050 0.00662 0.00762 168.02610
0.21750 1.84150 0.00167 0.13577 266.37260
2.07350 1.89950 0.00676 0.03783 189.12617
3.90050 1.72550 0.00111 0.07889 96.72596
2.01550 1.78350 0.00680 0.03325 181.29256
2.04450 1.89950 0.00681 0.04103 200.45798
2.13150 1.89950 0.00671 0.03763 338.50114
0.30450 1.72550 0.00197 0.09107 255.13059
1.37750 1.92850 0.00599 0.01850 349.12734
1.55150 1.92850 0.00615 0.02189 189.86244
0.53650 1.95750 0.00139 0.08241 152.75404
1.34850 1.92850 0.00597 0.01797 348.50873
1.46450 1.92850 0.00606 0.01969 354.57898
1.37750 1.69650 0.00584 0.00109 116.80083
3.43650 1.87050 0.00187 0.13052 269.09125
0.33350 1.95750 0.00151 0.13056 110.24068
4.39350 1.84150 0.00121 0.13569 94.48485
4.39350 1.72550 0.00129 0.12596 101.41966
1.52250 1.92850 0.00612 0.02088 183.76115
4.30650 1.84150 0.00114 0.16259 92.25596
2.30550 1.78350 0.00917 0.07652 287.10878
2.79850 1.89950 0.00778 0.01799 133.13061
0.68150 1.95750 0.00077 0.36865 280.62472
1.60950 1.69650 0.00623 0.02927 232.74647
0.82650 1.72550 0.00200 0.02179 186.77281
2.74050 1.89950 0.00814 0.02130 129.39918
1.69650 1.92850 0.00638 0.03921 221.84711
0.73950 1.84150 0.00103 0.31816 283.15524
1.87050 1.81250 0.00688 0.05426 227.24048
1.75450 1.69650 0.00672 0.05734 233.23801
4.56750 1.84150 0.00124 0.04021 107.38038
3.81350 1.75450 0.00113 0.06592 92.36496
4.65450 1.84150 0.00120 0.01910 63.27397
4.71250 1.84150 0.00118 0.05535 84.03705
2.18950 2.04450 0.00641 0.03455 344.40310
3.14650 2.13150 0.00366 0.04404 265.35087
2.01550 2.16050 0.00635 0.05683 219.22982
0.15950 2.21850 0.00126 0.21932 91.57547
1.05850 2.18950 0.00372 0.01236 212.60987
3.84250 1.98650 0.00020 0.61021 270.71456
0.10150 1.98650 0.00131 0.25160 90.10248
2.16050 2.16050 0.00618 0.03850 348.12974
3.90050 2.10250 0.00005 0.70495 270.40964
1.00050 2.18950 0.00280 0.04469 296.81157
2.21850 2.04450 0.00648 0.03665 325.84169
1.95750 2.04450 0.00665 0.06345 228.57793
3.11750 2.01550 0.00433 0.02954 267.26446
0.39150 1.98650 0.00145 0.12936 123.06230
4.30650 1.98650 0.00104 0.16895 266.02215
0.59450 2.10250 0.00115 0.06515 165.52009
2.47950 2.16050 0.00895 0.03354 80.00686
2.24750 2.16050 0.00641 0.05117 305.96069
3.49450 2.01550 0.00141 0.14144 91.25179
0.62350 1.98650 0.00107 0.09221 78.62914
2.47950 2.04450 0.00955 0.03469 77.53031
3.23350 2.13150 0.00295 0.08169 266.13227
1.37750 2.18950 0.00474 0.02316 347.43363
1.46450 2.07350 0.00548 0.03102 353.13155
2.33450 2.16050 0.00759 0.06572 284.64948
1.34850 2.18950 0.00471 0.02260 345.10288
3.81350 2.01550 0.00023 0.63494 270.78059
4.48050 1.98650 0.00117 0.09098 93.26402
3.75550 2.01550 0.00058 0.42592 272.39250
1.81250 2.07350 0.00628 0.05662 228.92451
4.65450 1.98650 0.00116 0.01941 68.96037
2.68250 2.16050 0.00768 0.01820 134.55482
4.50950 1.98650 0.00118 0.07383 95.10520
1.75450 2.07350 0.00610 0.04890 224.42830
1.84150 2.07350 0.00635 0.06054 230.48284
0.91350 2.10250 0.00146 0.30453 285.20677
2.82750 2.04450 0.00716 0.01378 138.29396
1.81250 1.95750 0.00658 0.05587 229.43541
4.62550 2.10250 0.00113 0.00736 161.46660
3.11750 2.04450 0.00429 0.03117 266.78142
3.98750 2.01550 0.00029 0.47706 270.95846
0.30450 2.13150 0.00128 0.17749 108.75242
0.13050 2.13150 0.00123 0.25077 92.69023
2.10250 2.18950 0.00617 0.04219 189.60520
2.18950 2.07350 0.00635 0.03511 344.91091
0.15950 2.13150 0.00124 0.23696 93.99035
0.97150 2.21850 0.00248 0.06783 298.11025
4.07450 2.13150 0.00059 0.03767 296.89152
2.97250 2.16050 0.00524 0.00477 138.39636
3.92950 2.01550 0.00013 0.66639 270.69387
1.92850 2.07350 0.00654 0.06452 229.95451
1.26150 2.10250 0.00514 0.02644 344.28680
0.62350 2.13150 0.00100 0.07982 69.85561
1.46450 2.21850 0.00470 0.02397 182.41480
2.50850 2.18950 0.00871 0.02406 71.64034
3.23350 2.04450 0.00319 0.07772 266.32618
3.29150 2.16050 0.00231 0.10921 267.13419
0.47850 2.13150 0.00127 0.13364 136.49476
1.31950 2.10250 0.00519 0.02834 346.11577
1.34850 1.98650 0.00583 0.02571 348.76436
4.39350 2.13150 0.00107 0.13953 268.04912
2.24750 1.95750 0.00696 0.05005 301.95927
0.47850 2.01550 0.00137 0.12442 137.93509
2.27650 2.18950 0.00676 0.06098 296.27933
0.39150 2.01550 0.00140 0.14139 123.14159
4.48050 2.13150 0.00112 0.09376 92.02927
1.89950 1.98650 0.00670 0.06239 230.17562
2.65350 2.18950 0.00775 0.01631 140.92318
4.74150 2.01550 0.00111 0.08499 87.42376
1.84150 1.98650 0.00659 0.05931 230.55562
2.65350 1.95750 0.00873 0.01888 137.14651
1.78350 1.98650 0.00646 0.05195 228.05049
2.62450 2.07350 0.00862 0.01507 151.49577
3.52350 2.04450 0.00129 0.13170 92.04075
1.78350 2.21850 0.00563 0.06289 229.25543
2.79850 1.95750 0.00764 0.01707 132.98254
3.63950 2.04450 0.00102 0.00107 267.32457
2.62450 1.95750 0.00898 0.01645 146.37754
3.98750 2.16050 0.00027 0.49565 270.55603
1.02950 2.01550 0.00375 0.01835 187.19858
2.94350 2.07350 0.00614 0.00604 159.55497
0.15950 2.16050 0.00124 0.23281 93.42297
4.07450 2.04450 0.00061 0.03712 299.54192
3.87150 2.16050 0.00009 0.68305 270.56118
3.08850 1.95750 0.00482 0.01837 92.34049
3.95850 2.16050 0.00018 0.60624 270.85535
2.91450 2.18950 0.00562 0.00655 161.12262
1.92850 2.10250 0.00645 0.06508 229.78639
3.87150 2.04450 0.00007 0.69959 270.30057
3.17550 1.95750 0.00375 0.04475 266.52829
2.21850 1.98650 0.00667 0.03916 318.61312
3.37850 1.95750 0.00201 0.12826 268.77590
3.29150 2.07350 0.00261 0.10685 267.31782
1.55150 2.01550 0.00590 0.02865 183.68237
3.29150 2.18950 0.00219 0.10884 266.99275
0.56550 2.04450 0.00123 0.08744 151.17198
4.24850 2.04450 0.00094 0.17361 262.98919
2.42150 2.10250 0.00902 0.05279 89.75037
1.46450 2.01550 0.00580 0.02889 352.38045
1.58050 2.01550 0.00594 0.02913 189.58521
1.29050 2.13150 0.00499 0.02598 343.76979
3.49450 1.95750 0.00149 0.14001 90.80209
3.26250 1.95750 0.00289 0.08064 266.82963
3.49450 2.07350 0.00135 0.14327 91.54783
3.63950 2.07350 0.00099 0.00129 142.24187
1.66750 2.01550 0.00611 0.03445 209.85421
1.78350 2.01550 0.00638 0.05181 227.58126
3.78450 2.18950 0.00035 0.51710 271.66117
4.65450 2.04450 0.00114 0.01907 69.68313
2.68250 1.98650 0.00841 0.02008 132.39652
3.52350 1.95750 0.00140 0.13420 91.29798
3.72650 2.18950 0.00066 0.24541 273.96751
3.58150 2.18950 0.00104 0.09767 92.51147
2.85650 2.21850 0.00592 0.01026 148.43275
4.56750 2.16050 0.00112 0.04302 99.54115
1.69650 2.13150 0.00564 0.04554 219.21593
2.76950 2.21850 0.00662 0.01701 133.04641
4.07450 2.18950 0.00060 0.02367 301.56152
0.18850 2.18950 0.00126 0.21205 94.40057
3.95850 2.18950 0.00022 0.56718 271.09712
4.13250 1.95750 0.00080 0.10168 258.43146
4.10350 2.18950 0.00066 0.04373 249.22775
3.11750 2.21850 0.00329 0.03278 263.65981
1.05850 2.16050 0.00374 0.01522 217.79576
1.20350 2.04450 0.00542 0.02440 345.30305
2.94350 1.98650 0.00654 0.00675 161.96759
3.08850 2.10250 0.00435 0.02388 267.26342
0.04350 2.07350 0.00121 0.28553 90.47157
3.05950 2.21850 0.00382 0.01621 265.47118
3.14650 1.98650 0.00406 0.03755 266.77870
3.29150 1.98650 0.00264 0.09784 267.28177
3.32050 2.10250 0.00227 0.12167 267.83794
4.27750 2.18950 0.00093 0.17092 264.95853
2.33450 2.13150 0.00757 0.06337 284.42878
4.30650 2.18950 0.00096 0.16937 265.83870
3.34950 2.10250 0.00204 0.13364 268.45636
4.24850 2.07350 0.00092 0.17394 262.80348
3.32050 2.21850 0.00190 0.12091 267.34063
2.42150 2.13150 0.00889 0.05253 270.37084
4.16150 2.18950 0.00076 0.13526 260.36845
2.42150 2.01550 0.00940 0.05250 88.79946
2.27650 2.01550 0.00699 0.05000 297.30811
2.36350 2.01550 0.00850 0.06444 277.75035
3.63950 1.98650 0.00107 0.01174 261.08318
4.65450 2.18950 0.00111 0.01681 65.79868
3.55250 2.10250 0.00116 0.11143 92.78281
0.88450 2.18950 0.00116 0.40819 284.67526
0.82650 2.18950 0.00072 0.56682 285.02674
0.73950 2.18950 0.00044 0.62446 282.77482
4.77050 1.95750 0.00004 0.00000 180.00000
0.94250 2.07350 0.00194 0.18380 287.32985
0.76850 2.18950 0.00046 0.64418 283.69476
1.78350 2.16050 0.00584 0.05929 228.80226
0.85550 2.07350 0.00080 0.54312 284.26831
4.59650 1.95750 0.00118 0.02120 113.25182
4.53850 1.95750 0.00119 0.05628 98.43965
4.13250 2.33450 0.00077 0.12451 268.58711
1.23250 2.30550 0.00418 0.01469 334.42933
2.13150 2.39250 0.00551 0.05987 312.04838
0.07250 2.33450 0.00130 0.24953 267.76528
3.84250 2.33450 0.00062 0.08158 278.56515
3.95850 2.45050 0.00077 0.08498 95.60526
2.07350 2.27650 0.00589 0.04129 356.87636
0.21750 2.45050 0.00151 0.09120 259.96545
0.01450 2.45050 0.00132 0.25985 269.03417
2.88550 2.24750 0.00546 0.00775 159.36605
1.26150 2.42150 0.00378 0.01694 358.07169
0.15950 2.33450 0.00135 0.18456 266.58304
4.10350 2.45050 0.00083 0.13518 95.74855
1.52250 2.30550 0.00446 0.02934 208.21610
1.34850 2.42150 0.00385 0.01990 192.50695
2.30550 2.39250 0.00655 0.08569 291.03655
3.23350 2.36350 0.00184 0.07126 261.69705
3.32050 2.47950 0.00142 0.09305 258.83377
3.46550 2.24750 0.00128 0.15615 90.01101
4.16150 2.45050 0.00087 0.15134 95.15947
2.39250 2.27650 0.00792 0.05872 279.39013
3.37850 2.47950 0.00133 0.11260 261.12578
0.36250 2.45050 0.00150 0.08235 255.31239
2.39250 2.39250 0.00695 0.05888 283.20541
4.24850 2.21850 0.00089 0.17168 264.88715
1.46450 2.30550 0.00436 0.02168 195.54250
4.59650 2.33450 0.00108 0.02960 108.47780
3.69750 2.47950 0.00096 0.12630 267.51774
4.65450 2.45050 0.00107 0.01386 53.68395
3.52350 2.36350 0.00113 0.15259 268.60300
1.63850 2.30550 0.00480 0.05080 223.53243
2.62450 2.39250 0.00640 0.01275 153.13339
2.85650 2.27650 0.00551 0.00982 149.72676
2.59550 2.27650 0.00755 0.01091 174.21099
2.68250 2.39250 0.00604 0.01731 136.87327
4.53850 2.21850 0.00111 0.06273 96.59032
1.60950 2.30550 0.00469 0.04544 221.01157
4.62550 2.45050 0.00107 0.01194 142.89969
3.81350 2.36350 0.00070 0.01484 307.00119
0.15950 2.47950 0.00149 0.13174 263.69391
4.04550 2.47950 0.00083 0.12575 97.04364
2.97250 2.39250 0.00348 0.00165 96.95296
1.00050 2.45050 0.00326 0.01262 203.74118
1.23250 2.33450 0.00407 0.01403 336.39400
1.05850 2.45050 0.00373 0.01702 317.64255
2.88550 2.39250 0.00442 0.00685 160.29555
4.10350 2.24750 0.00068 0.06697 256.73988
0.24650 2.24750 0.00131 0.15894 95.87164
3.90050 2.47950 0.00082 0.09742 93.90836
3.92950 2.24750 0.00037 0.39564 273.22104
0.21750 2.47950 0.00154 0.07630 258.13339
1.26150 2.33450 0.00407 0.01408 341.10175
4.33550 2.24750 0.00098 0.15966 268.00429
0.53650 2.36350 0.00127 0.01828 160.64340
4.16150 2.47950 0.00088 0.15002 96.57217
4.30650 2.36350 0.00095 0.15831 91.73384
0.50750 2.47950 0.00136 0.08203 232.55874
1.29050 2.45050 0.00373 0.01988 186.26698
1.58050 2.45050 0.00432 0.05281 221.72995
2.53750 2.42150 0.00651 0.01467 66.92959
4.24850 2.47950 0.00093 0.15060 96.50069
4.27750 2.36350 0.00092 0.16197 91.39744
1.43550 2.45050 0.00392 0.02997 207.71936
1.58050 2.33450 0.00453 0.04160 219.80204
1.40650 2.33450 0.00417 0.01732 187.93356
4.62550 2.47950 0.00106 0.01152 146.36512
2.74050 2.42150 0.00545 0.01815 134.19621
1.60950 2.45050 0.00442 0.05804 223.33830
4.59650 2.24750 0.00110 0.02811 106.87495
1.66750 2.33450 0.00484 0.05807 226.53496
0.88450 2.47950 0.00197 0.04745 256.20977
1.63850 2.33450 0.00473 0.05296 224.85464
3.81350 2.27650 0.00053 0.22422 273.35446
0.94250 2.47950 0.00259 0.03846 255.29890
2.82750 2.30550 0.00556 0.01220 142.89528
4.77050 2.24750 0.00004 0.00000 180.00000
2.76950 2.42150 0.00525 0.01703 135.21406
4.71250 2.36350 0.00107 0.05290 84.14067
2.21850 2.45050 0.00554 0.08504 299.13313
2.16050 2.45050 0.00533 0.06940 305.49929
2.13150 2.45050 0.00527 0.05975 309.94185
3.87150 2.39250 0.00070 0.01792 254.66075
1.95750 2.45050 0.00540 0.03522 198.01306
1.14550 2.36350 0.00399 0.01428 324.22919
2.10250 2.45050 0.00526 0.04983 316.02448
1.05850 2.36350 0.00387 0.01302 309.04475
1.20350 2.47950 0.00363 0.01920 355.93777
3.90050 2.27650 0.00043 0.29854 273.76620
3.17550 2.30550 0.00234 0.05101 261.85243
1.08750 2.24750 0.00416 0.01053 320.77949
2.91450 2.30550 0.00471 0.00527 166.17460
4.19050 2.39250 0.00085 0.15518 92.16045
2.39250 2.33450 0.00751 0.05834 281.44861
3.23350 2.30550 0.00203 0.07539 263.86291
2.24750 2.45050 0.00569 0.09012 296.54230
3.40750 2.42150 0.00132 0.13216 264.90369
3.49450 2.42150 0.00118 0.14891 266.59287
0.56550 2.39250 0.00123 0.00944 89.75722
1.31950 2.36350 0.00399 0.01533 357.49584
0.44950 2.39250 0.00137 0.05755 268.60597
1.31950 2.47950 0.00370 0.02386 192.29436
4.42250 2.39250 0.00103 0.11609 95.52152
1.29050 2.47950 0.00367 0.02236 188.27866
4.33550 2.39250 0.00097 0.14733 93.46717
0.82650 2.50850 0.00162 0.03598 223.91908
4.65450 2.27650 0.00109 0.01498 60.52556
4.77050 2.39250 0.00004 0.00000 180.00000
1.75450 2.47950 0.00493 0.06500 224.82547
4.65450 2.39250 0.00107 0.01368 53.85872
4.50950 2.27650 0.00108 0.08000 95.72485
2.56650 2.45050 0.00613 0.01087 44.66450
2.59550 2.45050 0.00603 0.00980 7.32806
0.94250 2.50850 0.00265 0.03489 252.12584
2.82750 2.45050 0.00461 0.01288 142.22256
1.87050 2.47950 0.00525 0.04881 218.07679
3.58150 2.30550 0.00102 0.12677 90.30281
4.62550 2.39250 0.00107 0.01246 137.50367
2.04450 2.24750 0.00604 0.04497 197.50830
2.94350 2.33450 0.00418 0.00309 165.37913
2.10250 2.36350 0.00559 0.04913 323.21640
4.04550 2.42150 0.00077 0.10358 95.14034
0.18850 2.30550 0.00134 0.17294 268.43609
1.02950 2.27650 0.00343 0.01626 212.89828
3.17550 2.45050 0.00181 0.04488 252.30785
3.84250 2.42150 0.00077 0.05706 267.64959
1.98650 2.47950 0.00527 0.03065 184.64100
1.00050 2.50850 0.00331 0.01401 357.66853
4.04550 2.30550 0.00064 0.01287 235.44562
2.18950 2.36350 0.00582 0.07549 303.62903
3.05950 2.45050 0.00242 0.01433 240.33944
0.42050 2.42150 0.00142 0.07856 259.18500
1.55150 2.39250 0.00431 0.04131 219.74519
1.46450 2.39250 0.00409 0.02653 208.74835
1.34850 2.50850 0.00369 0.02819 196.37807
4.42250 2.30550 0.00104 0.12336 92.63441
0.62350 2.42150 0.00114 0.05212 301.49731
4.45150 2.42150 0.00104 0.10042 97.43780
2.24750 2.24750 0.00648 0.06811 299.38387
0.44950 2.42150 0.00139 0.06720 257.06801
2.36350 2.24750 0.00791 0.06821 281.81900
1.49350 2.39250 0.00415 0.03088 213.11878
0.47850 2.30550 0.00131 0.05775 139.52245
3.20450 2.45050 0.00172 0.05477 254.69259
2.59550 2.47950 0.00577 0.00988 15.37206
4.56750 2.42150 0.00107 0.04437 104.84741
2.74050 2.36350 0.00586 0.01797 133.35441
3.81350 2.33450 0.00066 0.05946 280.80728
2.71150 2.24750 0.00690 0.01864 132.04206
0.73950 2.42150 0.00104 0.15205 289.55040
0.85550 2.42150 0.00161 0.02373 327.81032
2.59550 2.24750 0.00778 0.01111 174.37149
3.69750 2.45050 0.00093 0.11999 267.75042
2.85650 2.24750 0.00572 0.01007 149.38739
3.63950 2.45050 0.00100 0.13561 267.43869
2.79850 2.47950 0.00469 0.01602 137.45439
2.76950 2.47950 0.00488 0.01745 135.97496
3.98750 2.56650 0.00092 0.12075 98.64010
2.18950 2.50850 0.00510 0.07301 302.48203
3.87150 2.68250 0.00102 0.05250 268.71218
3.11750 2.71150 0.00203 0.00496 266.30118
1.26150 2.65350 0.00336 0.02749 185.00765
1.26150 2.53750 0.00355 0.02470 186.20445
3.05950 2.59550 0.00219 0.00941 233.03270
1.17450 2.76950 0.00318 0.02924 180.47027
1.00050 2.53750 0.00332 0.01597 351.39295
0.01450 2.68250 0.00144 0.22206 269.40913
2.10250 2.74050 0.00439 0.03028 191.13923
0.10150 2.56650 0.00149 0.17541 266.74824
1.11650 2.65350 0.00333 0.02348 355.26068
3.23350 2.71150 0.00165 0.01936 243.42171
2.39250 2.62450 0.00451 0.07185 287.01010
3.34950 2.71150 0.00149 0.03298 239.83486
2.45050 2.62450 0.00456 0.05827 280.77188
0.47850 2.56650 0.00154 0.11161 240.60086
4.19050 2.56650 0.00095 0.13271 100.79258
2.53750 2.74050 0.00388 0.04664 270.71248
3.20450 2.71150 0.00172 0.01552 244.70651
1.29050 2.53750 0.00358 0.02631 189.29761
4.45150 2.68250 0.00103 0.05115 111.45816
0.56550 2.68250 0.00183 0.08909 240.43940
4.16150 2.68250 0.00099 0.08311 108.94290
2.45050 2.50850 0.00570 0.04505 279.13197
2.56650 2.50850 0.00559 0.01319 57.47883
1.66750 2.76950 0.00378 0.06188 214.63776
2.62450 2.50850 0.00542 0.01126 171.10677
4.59650 2.56650 0.00105 0.02039 122.60694
0.79750 2.56650 0.00168 0.06608 237.46430
1.78350 2.76950 0.00407 0.06647 221.50541
2.68250 2.50850 0.00518 0.01615 143.58409
4.56750 2.56650 0.00105 0.03305 112.16516
2.79850 2.74050 0.00363 0.02045 143.13010
1.89950 2.76950 0.00429 0.05911 222.51104
2.68250 2.62450 0.00443 0.01401 161.17705
0.65250 2.68250 0.00182 0.09429 240.98848
3.75550 2.59550 0.00102 0.10176 265.37804
3.14650 2.50850 0.00181 0.03370 244.92558
0.18850 2.71150 0.00174 0.02999 244.43479
3.14650 2.74050 0.00200 0.00529 110.45470
1.08750 2.68250 0.00329 0.02425 354.58095
2.16050 2.53750 0.00493 0.05834 307.12131
0.13050 2.59550 0.00155 0.12634 265.23259
0.97150 2.68250 0.00326 0.02500 349.81813
4.10350 2.59550 0.00095 0.12183 101.88454
3.84250 2.71150 0.00105 0.03311 255.43081
3.08850 2.74050 0.00225 0.00571 162.45427
1.92850 2.53750 0.00512 0.03642 208.62678
0.10150 2.71150 0.00156 0.13657 267.21323
2.01550 2.53750 0.00505 0.02759 353.90294
0.62350 2.59550 0.00150 0.11151 230.49441
4.33550 2.59550 0.00100 0.10078 103.30954
3.26250 2.74050 0.00168 0.01564 251.70406
0.36250 2.71150 0.00201 0.02925 348.62477
1.29050 2.56650 0.00353 0.02762 189.08372
4.36450 2.71150 0.00102 0.05930 112.89411
4.36450 2.59550 0.00101 0.09374 103.64932
0.33350 2.71150 0.00199 0.02862 338.32869
2.50850 2.76950 0.00373 0.05832 275.77707
3.43650 2.74050 0.00151 0.02736 239.70436
4.27750 2.59550 0.00099 0.11205 102.86047
0.44950 2.59550 0.00164 0.09634 243.55730
1.58050 2.68250 0.00385 0.05939 211.68839
4.71250 2.59550 0.00104 0.05055 84.28941
4.65450 2.71150 0.00104 0.02046 70.31603
1.75450 2.56650 0.00471 0.06492 222.99023
1.66750 2.68250 0.00409 0.06692 217.92304
1.72550 2.56650 0.00462 0.06721 222.90791
2.79850 2.53750 0.00439 0.01706 137.49368
4.77050 2.59550 0.00004 0.00000 180.00000
1.84150 2.68250 0.00453 0.05899 221.92874
3.81350 2.50850 0.00090 0.11267 90.60518
0.73950 2.59550 0.00160 0.08306 231.11394
4.53850 2.71150 0.00104 0.02558 121.35948
2.65350 2.76950 0.00373 0.01869 54.62625
4.74150 2.71150 0.00103 0.07634 87.68779
2.07350 2.56650 0.00489 0.03169 331.06483
3.92950 2.62450 0.00097 0.09689 97.37073
2.21850 2.68250 0.00435 0.04406 312.43376
2.97250 2.76950 0.00291 0.01557 158.32842
3.11750 2.65350 0.00192 0.01316 238.73760
1.14550 2.59550 0.00341 0.02221 355.42916
0.27550 2.74050 0.00194 0.02647 326.36997
1.08750 2.71150 0.00325 0.02554 356.31872
2.01550 2.56650 0.00497 0.02697 358.15170
2.94350 2.53750 0.00319 0.00322 157.73600
3.90050 2.74050 0.00103 0.02345 264.15084
3.05950 2.76950 0.00247 0.01070 176.89148
2.94350 2.76950 0.00304 0.01735 153.21345
0.47850 2.62450 0.00168 0.09844 242.60716
0.53650 2.62450 0.00162 0.11506 241.34781
4.33550 2.50850 0.00099 0.12547 98.61250
0.33350 2.62450 0.00183 0.02683 207.30998
0.59450 2.62450 0.00158 0.11987 239.02067
2.33450 2.68250 0.00419 0.06981 294.09415
3.23350 2.76950 0.00182 0.00703 111.01410
4.24850 2.74050 0.00101 0.05761 116.32930
1.40650 2.71150 0.00341 0.03597 192.81909
1.43550 2.59550 0.00370 0.04190 202.80712
3.20450 2.65350 0.00162 0.02886 241.04568
0.50750 2.62450 0.00165 0.10674 241.92720
2.47950 2.68250 0.00419 0.05669 277.94859
4.56750 2.62450 0.00105 0.02706 117.19944
0.68150 2.74050 0.00222 0.06558 230.31412
3.55250 2.76950 0.00155 0.01780 231.13409
4.50950 2.50850 0.00105 0.06429 103.08947
2.68250 2.56650 0.00479 0.01514 150.47110
2.82750 2.56650 0.00406 0.01538 140.67129
4.48050 2.50850 0.00104 0.07554 101.94061
4.53850 2.62450 0.00104 0.03731 112.04097
2.76950 2.68250 0.00390 0.01881 143.75763
0.85550 2.74050 0.00285 0.03339 198.03884
2.74050 2.56650 0.00455 0.01834 138.93455
2.85650 2.68250 0.00354 0.01753 142.41746
3.52350 2.76950 0.00157 0.01746 235.49993
2.94350 2.56650 0.00313 0.00407 156.39480
0.27550 2.53750 0.00166 0.03611 237.92062
1.98650 2.59550 0.00491 0.02961 196.98466
0.21750 2.53750 0.00162 0.04909 252.11127
2.13150 2.59550 0.00473 0.03994 318.17702
4.07450 2.53750 0.00090 0.13448 99.13521
3.84250 2.53750 0.00091 0.11433 92.10032
3.84250 2.76950 0.00108 0.01582 218.45621
1.14550 2.62450 0.00337 0.02308 356.89589
2.13150 2.71150 0.00442 0.02869 349.70051
3.05950 2.68250 0.00228 0.00310 109.60409
3.92950 2.53750 0.00089 0.11612 96.05085
2.91450 2.68250 0.00322 0.01315 149.35766
4.16150 2.76950 0.00100 0.03849 124.06160
1.55150 2.62450 0.00393 0.05867 212.37082
2.45050 2.71150 0.00400 0.06685 281.79905
3.40750 2.68250 0.00139 0.04949 241.57064
1.31950 2.62450 0.00347 0.03089 190.12402
4.33550 2.76950 0.00102 0.04432 120.73098
4.27750 2.53750 0.00097 0.13115 99.58155
2.24750 2.71150 0.00422 0.04498 310.69939
3.29150 2.68250 0.00150 0.03625 242.42403
3.32050 2.56650 0.00137 0.07546 251.30334
3.37850 2.68250 0.00141 0.04695 241.94474
3.43650 2.68250 0.00137 0.05121 240.81716
0.42050 2.65350 0.00184 0.05247 230.39714
2.71150 2.59550 0.00452 0.01708 144.98874
2.68250 2.59550 0.00460 0.01428 156.77506
0.82650 2.76950 0.00291 0.03527 188.08416
2.82750 2.59550 0.00396 0.01630 140.45094
3.55250 2.68250 0.00130 0.05468 240.25122
4.65450 2.53750 0.00106 0.01521 57.78302
4.56750 2.53750 0.00105 0.03555 110.51455
4.71250 2.76950 0.00103 0.05142 85.63890
2.85650 2.59550 0.00377 0.01394 143.40141
3.63950 2.56650 0.00108 0.11880 262.33779
4.56750 2.76950 0.00104 0.01298 145.89378
3.78450 2.56650 0.00097 0.11348 268.77296
2.76950 2.59550 0.00426 0.01852 138.83154
1.26150 3.00150 0.00304 0.04277 180.57602
3.87150 3.03050 0.00105 0.01551 359.44590
3.92950 2.79850 0.00103 0.00609 234.82308
2.88550 2.82750 0.00318 0.02248 145.14368
3.95850 2.79850 0.00102 0.00494 263.49336
1.95750 2.97250 0.00358 0.06225 226.19756
1.02950 3.00150 0.00291 0.03441 188.17013
4.01650 2.79850 0.00101 0.00964 128.85466
1.00050 2.88550 0.00308 0.03456 180.84545
1.00050 3.00150 0.00290 0.03198 188.72301
2.04450 2.85650 0.00407 0.05038 220.34721
3.98750 2.91450 0.00102 0.00683 348.85462
0.04350 2.79850 0.00152 0.17716 269.22054
0.50750 2.91450 0.00200 0.02254 320.88765
0.53650 2.91450 0.00205 0.02286 322.98471
1.55150 2.88550 0.00323 0.03662 191.08289
4.33550 2.91450 0.00102 0.01313 159.43885
1.58050 3.00150 0.00311 0.03532 356.91645
2.53750 2.97250 0.00307 0.06759 276.04717
0.47850 2.91450 0.00196 0.02228 318.85762
3.23350 2.82750 0.00201 0.01267 179.77389
0.62350 2.91450 0.00232 0.02395 342.50325
4.39350 2.79850 0.00102 0.03408 124.39422
4.36450 2.79850 0.00102 0.03480 125.01900
1.40650 3.00150 0.00311 0.03995 353.83561
3.49450 2.94350 0.00209 0.02550 179.48323
1.81250 3.00150 0.00326 0.04843 212.10822
0.65250 2.79850 0.00254 0.04833 207.90652
3.81350 2.82750 0.00113 0.01369 191.67100
0.82650 3.03050 0.00255 0.01160 348.06047
2.59550 2.85650 0.00337 0.04350 84.80319
2.76950 2.97250 0.00298 0.01693 20.72641
0.82650 2.79850 0.00296 0.03522 185.09869
1.87050 3.00150 0.00334 0.05533 219.45553
0.76850 3.03050 0.00233 0.01093 300.69409
1.81250 2.88550 0.00366 0.06270 220.91254
3.61050 2.82750 0.00168 0.00636 91.53113
1.89950 3.00150 0.00339 0.05775 221.96804
0.65250 2.91450 0.00244 0.02474 350.90698
2.94350 2.85650 0.00299 0.02261 149.60127
1.95750 2.88550 0.00391 0.06177 225.20987
0.01450 3.05950 0.00149 0.12183 90.38093
1.14550 3.03050 0.00291 0.04094 187.91833
2.88550 2.85650 0.00313 0.02317 145.72705
1.23250 3.03050 0.00298 0.04362 183.94338
0.97150 3.03050 0.00282 0.02641 192.44174
2.88550 2.97250 0.00291 0.02352 149.48751
3.17550 2.85650 0.00225 0.01765 5.82041
1.17450 2.91450 0.00308 0.03872 180.22196
1.20350 2.79850 0.00316 0.03110 180.82898
0.07250 2.82750 0.00155 0.14230 268.86849
0.10150 3.05950 0.00159 0.05230 269.59466
0.44950 3.05950 0.00171 0.00291 254.86572
3.46550 2.97250 0.00216 0.02868 0.79905
3.34950 2.97250 0.00226 0.02882 3.20188
4.24850 2.94350 0.00101 0.00633 1.62882
0.44950 2.82750 0.00211 0.03295 336.78086
2.50850 2.88550 0.00332 0.06596 278.04411
4.39350 2.82750 0.00102 0.02777 130.01952
0.42050 2.94350 0.00185 0.01876 316.01493
3.43650 2.85650 0.00188 0.01543 173.52447
4.24850 2.82750 0.00101 0.02604 136.18247
3.23350 2.97250 0.00240 0.02648 179.19947
2.50850 3.00150 0.00307 0.06631 280.45246
2.39250 2.88550 0.00350 0.05392 295.19151
1.89950 2.91450 0.00371 0.06359 224.54766
2.85650 2.88550 0.00312 0.02238 148.33380
1.81250 2.79850 0.00402 0.06581 222.24089
1.81250 2.91450 0.00355 0.05951 219.53191
1.78350 3.03050 0.00315 0.04158 202.94528
2.85650 3.00150 0.00287 0.02073 158.40897
0.82650 3.05950 0.00241 0.00809 307.11075
4.56750 2.94350 0.00103 0.01024 46.86037
2.79850 2.88550 0.00321 0.01870 159.91740
0.68150 3.05950 0.00194 0.01583 71.24458
0.73950 2.94350 0.00268 0.02224 181.44304
0.94250 3.05950 0.00271 0.01815 195.00869
1.87050 3.03050 0.00325 0.05131 216.75153
1.23250 2.94350 0.00309 0.04021 359.58678
0.15950 2.85650 0.00168 0.03774 259.66664
3.92950 2.85650 0.00103 0.00757 354.99747
1.92850 3.03050 0.00334 0.05717 222.80966
2.04450 2.91450 0.00387 0.05571 224.21458
1.14550 3.05950 0.00285 0.03959 191.37805
0.97150 3.05950 0.00274 0.02135 195.17511
2.07350 2.91450 0.00388 0.05232 222.80038
1.05850 2.82750 0.00313 0.03250 358.94203
2.01550 2.91450 0.00386 0.05876 225.24821
2.07350 3.03050 0.00350 0.05872 228.29273
1.14550 2.82750 0.00314 0.03291 359.73885
1.14550 2.94350 0.00304 0.03986 181.81146
0.33350 2.97250 0.00179 0.01958 312.86818
1.34850 3.05950 0.00303 0.04366 357.67634
1.55150 2.82750 0.00335 0.04085 197.50797
0.50750 2.97250 0.00185 0.01387 304.42341
1.31950 2.94350 0.00312 0.03888 357.58277
2.47950 2.79850 0.00362 0.06545 279.92431
3.20450 3.00150 0.00245 0.02612 172.78519
4.42250 2.97250 0.00102 0.00887 178.77288
0.56550 2.97250 0.00194 0.01573 299.43315
2.45050 2.79850 0.00363 0.07006 283.28641
0.33350 2.85650 0.00197 0.03013 317.23257
2.24750 2.91450 0.00373 0.02897 184.79156
4.30650 2.97250 0.00101 0.00637 5.40621
4.48050 2.97250 0.00102 0.00849 9.69528
0.65250 2.85650 0.00267 0.03742 187.86377
4.74150 2.97250 0.00101 0.07409 88.70841
2.74050 2.79850 0.00354 0.01541 172.54294
4.53850 2.97250 0.00103 0.00918 39.91746
2.59550 2.91450 0.00317 0.05011 86.94575
1.87050 2.94350 0.00355 0.06137 222.64923
3.58150 3.00150 0.00209 0.02521 172.24916
2.85650 3.03050 0.00281 0.02010 161.91655
2.85650 2.79850 0.00331 0.02178 144.00357
2.59550 2.79850 0.00361 0.03650 81.95204
1.72550 2.82750 0.00370 0.06120 216.65646
3.61050 2.88550 0.00185 0.01185 159.34776
3.05950 3.03050 0.00262 0.02589 152.10848
1.20350 2.97250 0.00304 0.04181 181.30195
3.08850 2.79850 0.00240 0.01257 179.27074
2.01550 3.05950 0.00336 0.05963 227.24281
3.90050 3.00150 0.00103 0.01432 184.40484
2.88550 3.03050 0.00280 0.02242 153.45780
1.00050 2.97250 0.00295 0.03418 186.01252
3.92950 3.00150 0.00102 0.01334 185.59096
3.17550 3.03050 0.00249 0.02583 165.72164
0.18850 3.00150 0.00169 0.00785 204.60698
0.97150 2.97250 0.00295 0.03229 186.56161
1.02950 2.85650 0.00311 0.03390 359.64507
2.16050 2.82750 0.00407 0.03219 196.18259
3.32050 2.91450 0.00216 0.02479 7.15941
3.23350 2.91450 0.00229 0.02394 5.92256
4.42250 2.88550 0.00102 0.01690 144.09975
2.45050 2.82750 0.00354 0.06984 283.89299
2.24750 2.94350 0.00366 0.02990 192.02783
4.27750 3.00150 0.00101 0.00304 22.85195
2.53750 3.05950 0.00293 0.06787 277.91041
3.40750 2.79850 0.00170 0.00948 104.10957
2.45050 2.94350 0.00327 0.06285 287.17511
4.36450 3.00150 0.00101 0.00622 8.22123
2.39250 2.94350 0.00339 0.04681 299.27574
2.42150 2.82750 0.00359 0.06556 287.89882
1.46450 2.85650 0.00320 0.03395 186.88432
0.68150 2.88550 0.00269 0.03143 185.25714
0.79750 2.88550 0.00300 0.03160 185.99382
2.76950 2.94350 0.00306 0.01645 13.07295
3.78450 3.03050 0.00123 0.00944 343.69609
2.62450 3.05950 0.00280 0.05609 86.94426
0.88450 3.00150 0.00281 0.02211 189.76480
3.66850 2.91450 0.00176 0.00896 153.40634
4.48050 2.88550 0.00103 0.01389 149.05747
4.59650 2.88550 0.00103 0.01178 53.24681
4.74150 3.00150 0.00101 0.07374 88.77997
4.68350 2.88550 0.00103 0.03823 84.18948
4.53850 3.00150 0.00102 0.00976 51.69771
3.81350 2.91450 0.00115 0.01162 359.30972
0.27550 3.14650 0.00167 0.00835 345.36469
3.17550 3.17550 0.00234 0.02845 149.33329
0.18850 3.26250 0.00164 0.00964 325.30485
3.03050 3.29150 0.00236 0.02610 145.04935
2.07350 3.08850 0.00333 0.05878 228.84892
2.07350 3.32050 0.00279 0.04272 216.76796
4.04550 3.14650 0.00101 0.01643 200.78462
0.97150 3.11750 0.00256 0.00952 199.06287
2.91450 3.05950 0.00272 0.02353 151.07077
3.98750 3.14650 0.00101 0.01880 199.44680
3.03050 3.05950 0.00262 0.02636 147.94393
0.24650 3.26250 0.00164 0.00784 210.68794
2.01550 3.20450 0.00297 0.04782 219.41587
2.42150 3.08850 0.00313 0.03816 303.57345
1.55150 3.11750 0.00302 0.04091 344.03729
4.27750 3.26250 0.00101 0.01121 200.08353
3.46550 3.17550 0.00207 0.03742 176.47620
3.20450 3.05950 0.00243 0.02647 164.86639
1.58050 3.11750 0.00302 0.03981 343.27181
1.58050 3.23350 0.00282 0.04100 338.85514
2.42150 3.20450 0.00301 0.02704 321.72734
0.50750 3.26250 0.00166 0.03729 111.59025
3.26250 3.29150 0.00213 0.03119 158.51929
1.55150 3.23350 0.00280 0.04030 339.67193
1.31950 3.11750 0.00290 0.04367 185.66360
1.29050 3.11750 0.00287 0.04338 189.12575
0.79750 3.26250 0.00178 0.02601 13.88130
0.79750 3.14650 0.00197 0.02226 49.17252
3.66850 3.17550 0.00180 0.01781 170.65935
2.85650 3.20450 0.00249 0.01803 16.69620
4.53850 3.26250 0.00101 0.01538 272.08663
1.89950 3.11750 0.00306 0.04389 210.58536
0.68150 3.14650 0.00177 0.01704 19.50905
0.88450 3.14650 0.00221 0.01387 56.22973
2.71150 3.20450 0.00249 0.04563 78.36745
2.74050 3.08850 0.00270 0.02773 62.57544
3.75550 3.05950 0.00136 0.00431 329.44680
3.63950 3.17550 0.00188 0.02276 172.42532
1.69650 3.11750 0.00300 0.03508 349.88796
3.03050 3.20450 0.00244 0.02696 143.88669
2.04450 3.11750 0.00322 0.05761 227.37043
2.97250 3.20450 0.00248 0.02427 148.97552
3.03050 3.08850 0.00258 0.02652 146.56761
3.11750 3.32050 0.00228 0.02851 141.19270
0.18850 3.17550 0.00165 0.00929 325.65984
3.00150 3.32050 0.00234 0.02351 150.79626
1.95750 3.23350 0.00287 0.03732 204.53925
3.95850 3.05950 0.00102 0.01529 192.88231
1.11650 3.14650 0.00262 0.02547 205.81054
3.08850 3.32050 0.00230 0.02796 141.76910
1.00050 3.26250 0.00216 0.01675 43.96013
2.01550 3.11750 0.00319 0.05621 225.46850
0.50750 3.17550 0.00167 0.02339 116.72938
4.36450 3.05950 0.00101 0.00365 44.11176
1.43550 3.14650 0.00294 0.04290 352.87664
3.34950 3.08850 0.00227 0.03153 169.67728
4.19050 3.17550 0.00101 0.01119 197.94940
1.40650 3.14650 0.00292 0.04273 356.57842
1.37750 3.14650 0.00290 0.04271 180.61707
0.62350 3.29150 0.00169 0.03714 125.77442
1.29050 3.26250 0.00247 0.00968 323.56801
0.39150 3.17550 0.00166 0.01907 94.51162
4.21950 3.29150 0.00101 0.01629 207.72906
4.21950 3.05950 0.00101 0.00373 352.30395
3.46550 3.08850 0.00218 0.03388 172.21427
0.76850 3.29150 0.00174 0.02666 171.35023
1.60950 3.14650 0.00298 0.03979 341.12790
3.66850 3.08850 0.00190 0.01778 166.00284
0.88450 3.29150 0.00186 0.02809 32.83573
3.75550 3.32050 0.00120 0.05689 89.85900
1.78350 3.14650 0.00296 0.03358 358.85663
3.58150 3.32050 0.00143 0.05611 273.77060
4.77050 3.17550 0.00004 0.00000 180.00000
2.79850 3.23350 0.00244 0.02629 56.71486
4.68350 3.29150 0.00101 0.04469 88.93576
4.59650 3.29150 0.00101 0.02391 270.00000
0.85550 3.29150 0.00182 0.02777 25.19014
4.74150 3.29150 0.00100 0.07292 89.35572
1.02950 3.29150 0.00218 0.02020 58.07281
2.01550 3.26250 0.00286 0.04131 212.96689
3.92950 3.32050 0.00101 0.02544 187.81792
0.30450 3.20450 0.00165 0.01106 245.54319
3.11750 3.11750 0.00246 0.02653 150.01404
2.21850 3.14650 0.00324 0.04609 225.08790
0.10150 3.08850 0.00159 0.04492 269.48981
3.98750 3.20450 0.00101 0.02193 201.67527
3.98750 3.32050 0.00101 0.02840 203.14295
3.87150 3.08850 0.00104 0.01802 357.55051
0.13050 3.08850 0.00162 0.02416 263.89292
1.20350 3.17550 0.00263 0.03238 205.52040
1.95750 3.14650 0.00305 0.04751 216.81202
2.50850 3.14650 0.00290 0.05672 284.63405
3.46550 3.23350 0.00191 0.03460 19.90670
3.43650 3.23350 0.00195 0.03662 15.44036
2.45050 3.26250 0.00291 0.02763 315.02932
4.16150 3.32050 0.00101 0.02189 212.09973
1.43550 3.17550 0.00287 0.04125 353.51410
1.40650 3.29150 0.00244 0.02664 72.04800
1.29050 3.29150 0.00237 0.02445 72.75082
3.40750 3.23350 0.00200 0.03837 9.13334
4.30650 3.20450 0.00101 0.00683 186.05293
2.42150 3.14650 0.00307 0.03210 311.14730
4.45150 3.08850 0.00102 0.00678 60.10842
4.24850 3.08850 0.00101 0.00403 354.44506
2.62450 3.26250 0.00255 0.06460 271.39264
0.71050 3.20450 0.00175 0.02119 1.32530
0.88450 3.08850 0.00247 0.00589 325.23104
3.75550 3.11750 0.00135 0.00553 313.68140
2.59550 3.14650 0.00271 0.06544 272.65385
2.65350 3.14650 0.00262 0.05561 85.38952
1.89950 3.17550 0.00294 0.03730 200.88863
0.76850 3.08850 0.00207 0.01775 67.65322
3.78450 3.11750 0.00121 0.01207 329.41892
1.72550 3.29150 0.00279 0.03424 333.38256
0.94250 3.32050 0.00193 0.02761 45.20547
2.82750 3.14650 0.00259 0.01812 22.75850
3.52350 3.11750 0.00211 0.03394 172.65302
1.05850 3.08850 0.00273 0.02777 197.93254
1.02950 3.20450 0.00236 0.00144 148.07912
3.05950 3.14650 0.00248 0.02706 144.90044
3.08850 3.26250 0.00235 0.02846 142.39336
3.92950 3.11750 0.00102 0.01878 190.55593
3.92950 3.23350 0.00101 0.02304 190.12467
1.17450 3.32050 0.00226 0.04371 73.19026
1.00050 3.32050 0.00208 0.02991 63.36642
0.07250 3.11750 0.00157 0.06089 90.67747
4.10350 3.23350 0.00101 0.01917 207.50095
2.10250 3.17550 0.00312 0.05597 228.52034
4.13250 3.11750 0.00101 0.01071 193.77669
0.04350 3.11750 0.00154 0.08269 90.92852
1.52250 3.20450 0.00286 0.04154 343.44078
2.50850 3.29150 0.00280 0.03980 292.62208
2.47950 3.29150 0.00285 0.03165 303.78043
0.33350 3.11750 0.00167 0.00701 213.12325
4.16150 3.11750 0.00101 0.00942 192.07351
4.39350 3.11750 0.00101 0.00411 80.19391
1.37750 3.32050 0.00232 0.05813 59.98125
4.45150 3.11750 0.00101 0.00683 71.03455
2.30550 3.17550 0.00316 0.03241 210.56055
0.59450 3.34950 0.00168 0.04686 116.84393
0.36250 3.23350 0.00165 0.02313 92.40347
3.20450 3.14650 0.00234 0.02828 153.81547
0.33350 3.34950 0.00164 0.02834 93.58138
2.59550 3.29150 0.00261 0.06133 275.58603
2.76950 3.29150 0.00236 0.03790 70.93398
3.75550 3.14650 0.00134 0.00680 305.48873
4.50950 3.11750 0.00102 0.01037 73.94082
4.77050 3.23350 0.00004 0.00000 180.00000
0.85550 3.23350 0.00189 0.02746 36.30656
1.75450 3.20450 0.00290 0.03332 343.36498
2.82750 3.17550 0.00254 0.01894 30.18021
1.69650 3.08850 0.00303 0.03508 355.25806
4.62550 3.11750 0.00102 0.02622 84.66117
2.85650 3.29150 0.00237 0.02046 36.29298
4.48050 3.11750 0.00102 0.00841 72.98745
2.71150 3.29150 0.00239 0.05258 81.10555
1.11650 3.34950 0.00212 0.09543 76.83752
1.05850 3.58150 0.00193 0.09543 84.95614
4.04550 3.49450 0.00100 0.04136 210.22254
4.10350 3.37850 0.00100 0.03024 215.37691
3.17550 3.52350 0.00210 0.02125 128.29350
3.98750 3.37850 0.00100 0.03208 202.33544
0.07250 3.49450 0.00161 0.02458 278.11691
0.24650 3.61050 0.00163 0.00841 122.02705
3.11750 3.40750 0.00222 0.02615 138.16264
2.21850 3.55250 0.00258 0.04290 219.00187
0.01450 3.37850 0.00153 0.01011 268.35695
0.21750 3.49450 0.00163 0.00360 237.58983
1.23250 3.34950 0.00211 0.11348 69.71579
1.43550 3.58150 0.00229 0.01930 347.46153
0.62350 3.37850 0.00169 0.04863 118.24091
1.31950 3.58150 0.00220 0.03543 276.28662
4.24850 3.49450 0.00100 0.02657 216.99928
1.46450 3.46550 0.00223 0.09266 68.02177
3.46550 3.40750 0.00128 0.14753 275.42579
4.45150 3.37850 0.00100 0.00848 316.86301
4.42250 3.37850 0.00100 0.00822 338.43171
0.50750 3.61050 0.00166 0.04150 113.02454
0.47850 3.49450 0.00165 0.04872 109.02254
0.44950 3.49450 0.00165 0.04591 108.08369
3.43650 3.40750 0.00128 0.15640 274.90389
1.31950 3.46550 0.00217 0.07627 73.49430
4.68350 3.37850 0.00100 0.04536 89.54528
4.62550 3.49450 0.00100 0.03099 273.55212
4.77050 3.37850 0.00004 0.00000 180.00000
4.48050 3.37850 0.00100 0.01018 299.40986
1.89950 3.46550 0.00263 0.02461 335.85080
1.72550 3.34950 0.00270 0.03053 331.64714
3.58150 3.52350 0.00134 0.12964 273.35634
0.68150 3.37850 0.00170 0.04412 125.46974
1.60950 3.46550 0.00229 0.07018 73.23038
4.77050 3.49450 0.00004 0.00000 180.00000
4.50950 3.49450 0.00100 0.01292 300.25644
0.88450 3.61050 0.00176 0.01799 17.43764
4.62550 3.37850 0.00100 0.03038 271.01832
4.07450 3.40750 0.00100 0.03371 213.67592
1.05850 3.49450 0.00194 0.11892 79.97053
1.08750 3.49450 0.00194 0.12192 78.31127
2.94350 3.55250 0.00213 0.02352 29.88993
1.14550 3.61050 0.00203 0.06481 271.40580
4.01650 3.40750 0.00100 0.03486 207.39569
1.20350 3.61050 0.00209 0.05167 274.78482
1.11650 3.61050 0.00200 0.07144 270.17644
4.01650 3.52350 0.00100 0.04320 203.28915
2.13150 3.46550 0.00263 0.03865 212.80202
3.05950 3.55250 0.00214 0.02164 153.34023
1.95750 3.58150 0.00251 0.02783 350.25677
0.07250 3.52350 0.00161 0.02655 276.37832
4.42250 3.40750 0.00100 0.00884 343.77868
0.47850 3.52350 0.00165 0.04727 109.84951
2.42150 3.46550 0.00274 0.02535 206.94911
2.33450 3.34950 0.00289 0.03628 221.24535
1.58050 3.49450 0.00225 0.08012 78.64799
3.34950 3.43650 0.00146 0.12209 88.45121
4.30650 3.52350 0.00100 0.02254 213.12615
4.39350 3.40750 0.00100 0.00999 182.29520
4.24850 3.52350 0.00100 0.02815 217.76965
4.16150 3.52350 0.00100 0.03617 219.49116
0.42050 3.40750 0.00164 0.04348 104.04264
0.59450 3.40750 0.00168 0.05224 114.54380
4.19050 3.40750 0.00100 0.02596 216.05333
2.74050 3.58150 0.00226 0.05440 82.38378
2.71150 3.46550 0.00231 0.05839 84.35873
2.56650 3.34950 0.00265 0.04975 281.94916
4.68350 3.40750 0.00100 0.04551 89.72303
2.62450 3.58150 0.00248 0.03560 282.91983
2.76950 3.58150 0.00221 0.05250 78.31763
0.82650 3.52350 0.00173 0.02922 144.03606
2.74050 3.34950 0.00232 0.04941 78.35801
3.58150 3.55250 0.00136 0.12642 273.06519
2.59550 3.34950 0.00259 0.05677 277.01111
0.88450 3.52350 0.00176 0.02071 8.32966
3.69750 3.43650 0.00112 0.12862 273.01724
1.75450 3.37850 0.00269 0.02773 329.77331
2.16050 3.61050 0.00250 0.03951 207.99828
3.05950 3.34950 0.00229 0.02619 143.74263
3.08850 3.34950 0.00228 0.02738 141.37614
2.91450 3.34950 0.00231 0.01849 10.87851
3.08850 3.46550 0.00219 0.02426 140.72056
1.17450 3.40750 0.00200 0.13592 73.64234
2.88550 3.58150 0.00211 0.03492 55.45429
3.00150 3.34950 0.00231 0.02275 152.88307
2.13150 3.37850 0.00274 0.04423 220.42425
3.17550 3.46550 0.00213 0.02238 131.70369
1.26150 3.40750 0.00208 0.11741 71.73943
4.10350 3.55250 0.00100 0.04272 217.59149
0.18850 3.55250 0.00163 0.00502 283.37133
4.45150 3.55250 0.00100 0.01164 346.03536
4.27750 3.55250 0.00100 0.02686 216.58408
1.52250 3.52350 0.00223 0.06284 85.50060
1.46450 3.40750 0.00215 0.18509 74.08947
4.16150 3.55250 0.00100 0.03784 219.81139
1.58050 3.40750 0.00229 0.08102 65.67778
2.45050 3.61050 0.00260 0.02646 212.79508
3.26250 3.34950 0.00204 0.02211 171.25778
4.39350 3.55250 0.00100 0.01537 196.08875
4.30650 3.55250 0.00100 0.02393 213.73655
2.39250 3.61050 0.00260 0.03492 221.54089
2.50850 3.49450 0.00266 0.01973 328.53327
3.26250 3.58150 0.00196 0.00850 172.63253
4.59650 3.55250 0.00100 0.02539 278.81307
0.88450 3.55250 0.00176 0.01977 9.66719
4.56750 3.43650 0.00100 0.02014 278.30711
1.66750 3.52350 0.00240 0.02793 282.19505
2.68250 3.37850 0.00238 0.06068 86.48551
2.82750 3.37850 0.00226 0.03113 60.83276
3.61050 3.58150 0.00134 0.12219 273.21364
2.79850 3.49450 0.00218 0.04649 72.31731
1.87050 3.52350 0.00258 0.02434 334.12979
1.89950 3.40750 0.00268 0.02512 338.95266
1.78350 3.52350 0.00256 0.02004 328.57043
2.71150 3.37850 0.00233 0.05724 82.89485
3.72650 3.58150 0.00112 0.11623 274.95522
3.95850 3.34950 0.00101 0.02909 196.84640
1.17450 3.55250 0.00204 0.07928 83.60554
1.92850 3.52350 0.00257 0.02543 341.57217
3.14650 3.61050 0.00209 0.02219 135.69380
2.13150 3.52350 0.00257 0.03692 207.97391
1.05850 3.55250 0.00193 0.10634 82.28288
3.84250 3.46550 0.00101 0.04949 291.41656
4.13250 3.58150 0.00099 0.04163 218.92631
2.91450 3.61050 0.00210 0.03214 48.37978
2.07350 3.40750 0.00267 0.03523 206.63052
3.11750 3.49450 0.00216 0.02369 136.24871
3.11750 3.61050 0.00209 0.02228 143.19182
0.04350 3.58150 0.00160 0.03621 272.13691
4.39350 3.34950 0.00101 0.00817 352.47487
2.36350 3.52350 0.00268 0.03752 224.14684
0.53650 3.46550 0.00167 0.05290 110.82988
3.40750 3.61050 0.00158 0.10909 87.63592
4.36450 3.34950 0.00101 0.00969 187.58683
0.44950 3.58150 0.00165 0.04058 111.32946
4.33550 3.46550 0.00100 0.01696 206.39885
0.56550 3.58150 0.00167 0.04680 113.45902
4.19050 3.34950 0.00101 0.02194 213.05999
1.58050 3.43650 0.00227 0.08820 69.11779
0.56550 3.46550 0.00167 0.05358 112.29986
0.59450 3.58150 0.00168 0.04732 114.32270
3.40750 3.37850 0.00131 0.14088 278.14908
2.56650 3.40750 0.00263 0.04231 284.99858
4.59650 3.34950 0.00101 0.02448 271.82573
3.52350 3.49450 0.00137 0.12910 272.31740
0.94250 3.46550 0.00184 0.04775 73.30305
2.56650 3.52350 0.00259 0.02784 296.81352
3.75550 3.37850 0.00111 0.12014 88.65980
4.48050 3.58150 0.00100 0.01241 328.78279
4.56750 3.46550 0.00100 0.02025 279.63912
3.58150 3.37850 0.00121 0.14584 274.61715
0.68150 3.46550 0.00170 0.05028 119.87915
4.71250 3.34950 0.00100 0.05578 89.27075
2.85650 3.52350 0.00214 0.03614 60.80374
4.77050 3.58150 0.00004 0.00000 180.00000
1.00050 3.81350 0.00209 0.17285 277.26234
4.10350 3.61050 0.00099 0.04489 217.31410
3.95850 3.72650 0.00100 0.04309 349.81409
1.08750 3.81350 0.00226 0.15489 281.67775
3.14650 3.75550 0.00204 0.02457 165.98638
0.27550 3.72650 0.00163 0.00814 151.35582
0.18850 3.84250 0.00162 0.02371 86.97832
1.26150 3.81350 0.00231 0.06849 299.08386
0.15950 3.84250 0.00162 0.02623 87.77138
1.14550 3.69750 0.00212 0.08549 279.85346
4.10350 3.72650 0.00098 0.04357 215.13101
4.13250 3.72650 0.00098 0.04208 215.50286
4.07450 3.84250 0.00098 0.03538 205.55107
1.34850 3.81350 0.00230 0.04238 338.66058
3.29150 3.75550 0.00197 0.00920 11.98167
4.19050 3.84250 0.00098 0.03610 196.62779
3.32050 3.75550 0.00193 0.02237 77.74067
3.20450 3.75550 0.00203 0.02195 149.26451
4.33550 3.84250 0.00098 0.03137 180.29223
4.16150 3.84250 0.00098 0.03579 199.72597
0.47850 3.84250 0.00165 0.00917 282.02058
0.53650 3.84250 0.00167 0.00835 284.21940
4.42250 3.84250 0.00098 0.02745 342.09311
4.21950 3.84250 0.00098 0.03516 194.02439
2.53750 3.66850 0.00253 0.01745 180.13134
2.27650 3.66850 0.00250 0.04365 217.81511
4.62550 3.61050 0.00099 0.03159 276.76282
3.58150 3.75550 0.00154 0.10392 270.51825
1.66750 3.69750 0.00239 0.03457 359.00538
4.65450 3.61050 0.00099 0.03812 273.70010
1.87050 3.69750 0.00241 0.03388 357.68235
3.66850 3.75550 0.00140 0.09980 89.90814
1.60950 3.81350 0.00232 0.04420 190.84979
3.66850 3.63950 0.00128 0.11273 273.44794
1.75450 3.69750 0.00242 0.03186 354.86745
1.75450 3.81350 0.00233 0.04289 186.64116
2.71150 3.66850 0.00232 0.04401 88.94536
0.82650 3.72650 0.00173 0.01280 162.35763
3.75550 3.87150 0.00142 0.06383 57.76150
3.11750 3.66850 0.00207 0.02257 153.18515
0.13050 3.63950 0.00163 0.02109 271.19519
0.13050 3.75550 0.00163 0.02412 85.26792
0.04350 3.75550 0.00161 0.05050 270.43113
3.95850 3.87150 0.00101 0.01038 310.85876
0.01450 3.63950 0.00156 0.05682 270.36301
3.95850 3.75550 0.00100 0.03723 347.98372
0.13050 3.87150 0.00162 0.03395 271.14779
4.01650 3.63950 0.00099 0.04789 199.87272
0.30450 3.63950 0.00163 0.01846 117.80046
1.98650 3.81350 0.00234 0.04550 194.40579
0.07250 3.63950 0.00162 0.03543 271.90861
1.92850 3.81350 0.00233 0.04441 191.69198
0.47850 3.75550 0.00165 0.01516 118.96648
4.30650 3.87150 0.00098 0.03423 356.85174
1.29050 3.72650 0.00230 0.06368 293.81999
4.21950 3.75550 0.00098 0.03642 210.56445
4.24850 3.87150 0.00097 0.03562 183.44391
2.33450 3.69750 0.00250 0.04150 219.39723
0.42050 3.87150 0.00164 0.02021 282.66102
4.36450 3.63950 0.00099 0.02155 203.66287
4.42250 3.63950 0.00099 0.01620 185.45374
4.42250 3.75550 0.00099 0.02124 357.27497
0.47850 3.87150 0.00165 0.01842 286.88095
1.43550 3.72650 0.00232 0.03430 190.29439
4.36450 3.75550 0.00099 0.02553 192.99125
2.74050 3.81350 0.00229 0.02980 270.98047
2.59550 3.69750 0.00247 0.01772 320.03709
2.74050 3.69750 0.00228 0.04475 84.63979
4.68350 3.63950 0.00099 0.04664 272.24887
4.74150 3.63950 0.00099 0.07305 270.14118
4.65450 3.63950 0.00099 0.03839 274.37696
2.56650 3.69750 0.00250 0.01650 346.40163
4.68350 3.75550 0.00099 0.04839 274.20709
2.82750 3.69750 0.00215 0.04974 70.41747
4.59650 3.87150 0.00098 0.03662 292.54524
1.72550 3.84250 0.00231 0.04303 188.68745
4.59650 3.75550 0.00099 0.02903 288.16654
0.85550 3.87150 0.00177 0.04334 279.79049
1.98650 3.84250 0.00233 0.04672 195.58320
0.01450 3.66850 0.00157 0.06256 270.28391
4.13250 3.66850 0.00099 0.04331 217.85410
2.07350 3.84250 0.00234 0.04829 199.11031
2.13150 3.72650 0.00241 0.04352 202.43455
1.08750 3.87150 0.00222 0.05396 309.96327
2.21850 3.72650 0.00244 0.04507 210.45136
0.30450 3.90050 0.00163 0.03550 277.55945
0.15950 3.90050 0.00162 0.03792 273.77990
1.23250 3.87150 0.00223 0.03869 349.69780
2.04450 3.72650 0.00239 0.04075 194.14879
2.94350 3.69750 0.00207 0.03600 45.57395
0.04350 3.66850 0.00161 0.04557 270.75434
4.21950 3.66850 0.00099 0.03659 218.15107
3.26250 3.81350 0.00200 0.01926 154.63260
0.56550 3.78450 0.00167 0.00889 124.22636
1.49350 3.75550 0.00232 0.04961 197.95281
4.30650 3.66850 0.00099 0.02849 211.88814
3.29150 3.69750 0.00196 0.00913 31.34034
3.46550 3.69750 0.00160 0.10312 87.88816
2.45050 3.84250 0.00241 0.03512 211.23235
1.31950 3.75550 0.00231 0.04710 305.65082
2.36350 3.72650 0.00249 0.03986 218.72715
4.42250 3.78450 0.00098 0.02296 352.46638
2.53750 3.72650 0.00249 0.01959 193.70280
2.42150 3.84250 0.00241 0.03762 211.57757
1.78350 3.87150 0.00231 0.04368 190.59226
3.66850 3.81350 0.00151 0.09878 81.34160
1.89950 3.87150 0.00231 0.04573 193.50450
0.65250 3.90050 0.00169 0.02783 288.08984
3.55250 3.81350 0.00159 0.10804 271.50102
0.76850 3.90050 0.00173 0.03089 281.44451
1.84150 3.63950 0.00247 0.02851 346.59261
2.71150 3.72650 0.00233 0.03622 271.88280
0.71050 3.90050 0.00171 0.02843 285.15083
0.82650 3.66850 0.00173 0.02011 143.39227
3.72650 3.81350 0.00145 0.11262 78.07047
4.65450 3.78450 0.00098 0.04152 278.40725
4.62550 3.66850 0.00099 0.03223 278.69075
2.18950 3.63950 0.00249 0.04218 210.99171
1.23250 3.90050 0.00221 0.03810 357.80376
1.26150 3.66850 0.00221 0.05279 287.42589
3.98750 3.81350 0.00099 0.02651 194.57087
0.15950 3.81350 0.00162 0.02181 83.57567
3.05950 3.84250 0.00203 0.03892 30.52450
1.14550 3.78450 0.00224 0.12269 283.86974
1.08750 3.66850 0.00203 0.09058 274.83193
0.97150 3.90050 0.00195 0.12765 284.70792
3.84250 3.69750 0.00100 0.08589 285.62195
3.92950 3.69750 0.00100 0.05082 334.63505
3.05950 3.72650 0.00205 0.02677 9.65585
0.30450 3.69750 0.00163 0.01297 128.45981
2.27650 3.87150 0.00237 0.04735 207.03042
3.26250 3.72650 0.00200 0.01434 138.13752
1.43550 3.66850 0.00231 0.03560 189.99679
4.19050 3.69750 0.00099 0.03908 217.48277
1.40650 3.78450 0.00231 0.02838 348.04063
1.49350 3.78450 0.00231 0.04640 199.39552
0.59450 3.69750 0.00168 0.02921 117.30182
0.62350 3.81350 0.00168 0.00250 11.53462
2.30550 3.87150 0.00237 0.04622 207.99008
0.47850 3.69750 0.00165 0.02692 115.64177
2.27650 3.63950 0.00253 0.04349 219.37376
4.19050 3.81350 0.00098 0.03688 203.33936
2.33450 3.75550 0.00246 0.04218 216.04135
1.84150 3.90050 0.00231 0.04405 193.20031
2.79850 3.63950 0.00217 0.05144 74.58858
1.69650 3.66850 0.00242 0.02863 353.98471
2.74050 3.63950 0.00227 0.05000 83.34975
1.81250 3.90050 0.00230 0.04347 192.28718
1.63850 3.66850 0.00238 0.03611 354.70933
2.82750 3.75550 0.00216 0.04821 70.90737
2.76950 3.63950 0.00222 0.05236 79.01197
3.58150 3.84250 0.00163 0.06081 78.47386
2.85650 3.63950 0.00212 0.04403 64.39512
4.48050 3.81350 0.00098 0.02348 329.01114
2.62450 3.87150 0.00237 0.01788 357.85281
3.55250 3.72650 0.00154 0.10529 270.09251
2.21850 4.13250 0.00235 0.05079 271.77124
2.16050 4.01650 0.00234 0.04138 190.49803
3.98750 4.07450 0.00096 0.03583 301.56979
3.00150 3.98750 0.00209 0.04928 49.93092
1.26150 4.04550 0.00204 0.04014 275.67650
1.17450 4.16150 0.00176 0.14436 51.31912
1.98650 3.90050 0.00232 0.04802 196.95183
3.11750 4.10350 0.00209 0.06743 51.19423
0.04350 3.95850 0.00160 0.06562 274.22994
2.13150 3.90050 0.00233 0.05025 200.83365
4.04550 3.95850 0.00097 0.02345 181.56400
1.14550 4.16150 0.00176 0.14267 53.58791
4.04550 4.07450 0.00096 0.04193 304.86887
2.45050 3.90050 0.00238 0.03697 207.14721
4.36450 4.07450 0.00096 0.07184 309.01726
2.42150 4.01650 0.00235 0.03463 187.59902
1.52250 3.92950 0.00222 0.04365 344.35573
2.33450 4.13250 0.00236 0.05198 87.56312
1.37750 4.16150 0.00177 0.14647 43.09942
2.39250 3.90050 0.00237 0.04149 207.44208
2.27650 3.90050 0.00236 0.04774 205.29822
4.16150 3.95850 0.00097 0.03689 344.73943
4.39350 3.95850 0.00097 0.04398 325.74982
3.46550 4.10350 0.00182 0.07820 63.63156
2.45050 4.01650 0.00235 0.03300 186.66420
1.55150 3.92950 0.00222 0.04559 340.59134
0.79750 4.07450 0.00170 0.08846 287.54800
2.82750 4.01650 0.00224 0.02408 81.93047
1.72550 4.16150 0.00191 0.14829 65.70090
1.84150 4.04550 0.00231 0.02620 341.85547
1.81250 4.04550 0.00228 0.03008 311.92775
2.71150 3.90050 0.00231 0.01617 304.64360
3.63950 3.98750 0.00141 0.06733 65.44477
4.48050 3.95850 0.00097 0.04313 314.29546
0.71050 4.07450 0.00168 0.09372 288.17204
1.60950 3.92950 0.00222 0.04600 340.22972
0.65250 4.07450 0.00166 0.09641 287.11933
1.75450 4.04550 0.00219 0.06732 275.40402
2.76950 4.13250 0.00234 0.05255 85.89729
2.13150 4.04550 0.00235 0.03432 359.59934
0.10150 3.98750 0.00159 0.06748 276.42364
0.97150 4.07450 0.00182 0.11019 85.84177
0.01450 3.98750 0.00157 0.08575 272.26577
3.03050 4.01650 0.00209 0.05257 49.00271
2.91450 4.01650 0.00217 0.03796 62.30754
0.30450 4.10350 0.00157 0.14615 270.62335
3.05950 4.01650 0.00207 0.05423 46.38224
4.01650 4.10350 0.00096 0.05100 295.41939
2.97250 4.01650 0.00213 0.04641 54.79961
3.00150 4.01650 0.00211 0.04954 51.64725
4.01650 3.98750 0.00097 0.01964 345.03663
0.97150 3.95850 0.00194 0.10553 285.85367
0.62350 4.10350 0.00164 0.11120 285.47971
1.52250 4.07450 0.00203 0.07280 67.93407
4.36450 4.10350 0.00096 0.08152 305.25745
2.27650 4.04550 0.00235 0.03316 357.16521
4.19050 3.98750 0.00096 0.04290 332.89145
2.50850 4.04550 0.00236 0.02668 346.34392
3.34950 3.90050 0.00196 0.02203 6.46369
0.42050 4.10350 0.00160 0.12346 276.65128
3.37850 3.90050 0.00194 0.02049 9.15433
1.55150 4.07450 0.00202 0.08039 69.38056
2.24750 4.04550 0.00235 0.03360 357.88521
2.30550 4.16150 0.00232 0.09250 79.37768
4.24850 3.98750 0.00097 0.04708 329.90037
0.79750 4.10350 0.00169 0.09972 287.07569
0.65250 3.98750 0.00168 0.05990 289.05803
4.59650 4.10350 0.00097 0.07983 295.47692
2.56650 3.92950 0.00236 0.02636 196.05587
3.69750 3.90050 0.00149 0.05696 50.82807
4.53850 3.98750 0.00097 0.04976 303.65813
1.78350 3.95850 0.00229 0.03817 186.07500
1.75450 3.95850 0.00227 0.03771 355.78774
1.89950 4.07450 0.00233 0.02733 339.23045
2.68250 4.04550 0.00233 0.01936 318.49671
2.85650 3.92950 0.00218 0.03525 68.82945
2.59550 3.92950 0.00235 0.02326 190.98137
2.71150 3.92950 0.00231 0.01513 313.63416
3.95850 3.90050 0.00101 0.00883 306.15617
2.04450 4.07450 0.00235 0.02830 335.62641
4.07450 4.01650 0.00096 0.03180 328.10921
3.98750 3.90050 0.00099 0.01495 197.68333
3.95850 4.01650 0.00098 0.01715 314.83461
1.92850 3.95850 0.00231 0.04409 196.61834
2.10250 4.07450 0.00235 0.02856 334.66432
3.11750 4.16150 0.00218 0.09533 63.28174
0.13050 4.01650 0.00159 0.08277 275.69268
1.11650 4.10350 0.00188 0.09199 64.23996
3.05950 4.04550 0.00209 0.05595 48.74664
2.04450 3.95850 0.00232 0.04797 197.68324
0.97150 4.10350 0.00179 0.11137 81.67783
1.37750 3.98750 0.00215 0.03532 321.54031
4.45150 4.01650 0.00097 0.05587 312.14882
3.23350 4.16150 0.00211 0.10491 59.41372
4.21950 4.13250 0.00095 0.08548 295.99850
4.30650 4.01650 0.00097 0.05505 320.49162
2.50850 3.95850 0.00235 0.03253 198.90275
0.36250 4.13250 0.00157 0.15471 271.07778
3.34950 4.16150 0.00202 0.11178 62.70366
2.47950 4.07450 0.00236 0.02655 315.42734
1.46450 3.98750 0.00216 0.04510 307.92178
0.53650 4.01650 0.00165 0.07391 285.46726
1.40650 3.98750 0.00216 0.03706 317.63582
4.39350 4.01650 0.00097 0.05649 316.49196
3.58150 4.16150 0.00108 0.09789 282.66340
0.94250 4.01650 0.00184 0.10824 278.08893
2.65350 3.95850 0.00233 0.01826 354.21761
0.71050 4.01650 0.00169 0.06977 289.36214
0.88450 4.01650 0.00178 0.08833 281.67250
0.82650 4.01650 0.00174 0.07243 286.18553
4.53850 4.13250 0.00096 0.08868 299.48763
4.74150 3.90050 0.00098 0.08068 272.35135
3.52350 4.16150 0.00133 0.12013 88.36383
4.53850 3.90050 0.00098 0.03516 306.45271
4.74150 4.01650 0.00097 0.09603 275.70762
0.88450 4.13250 0.00171 0.10551 278.64005
2.62450 4.07450 0.00235 0.02551 304.60568
1.20350 4.01650 0.00208 0.03229 305.52118
1.17450 4.13250 0.00183 0.11679 53.43917
1.11650 4.13250 0.00182 0.11909 57.85131
3.08850 3.95850 0.00204 0.05064 38.85949
2.13150 3.98750 0.00233 0.04605 195.56940
2.88550 4.07450 0.00223 0.03632 72.26855
2.01550 4.10350 0.00234 0.03276 304.42745
0.04350 3.92950 0.00160 0.06207 273.57461
4.01650 4.16150 0.00095 0.10123 282.91189
0.30450 4.16150 0.00152 0.18177 80.96986
4.04550 3.92950 0.00097 0.02488 193.76261
2.07350 4.10350 0.00235 0.03272 301.36316
0.10150 3.92950 0.00161 0.04886 275.10738
0.42050 4.16150 0.00158 0.16039 275.41307
3.43650 4.07450 0.00189 0.06086 49.83163
1.58050 4.01650 0.00210 0.08209 281.59603
3.37850 4.07450 0.00194 0.06240 43.78582
0.36250 4.04550 0.00161 0.10197 276.79256
0.36250 3.92950 0.00163 0.04470 280.93539
3.34950 4.07450 0.00196 0.06356 42.16879
3.29150 4.07450 0.00198 0.06601 41.81302
2.24750 4.10350 0.00236 0.03279 291.61968
2.47950 3.98750 0.00235 0.03375 194.37802
4.33550 4.04550 0.00096 0.06324 314.58357
3.23350 3.95850 0.00200 0.04184 22.85159
4.42250 3.92950 0.00097 0.03838 326.98489
2.62450 3.98750 0.00233 0.02132 358.41408
4.74150 4.04550 0.00097 0.10357 276.88759
3.66850 3.95850 0.00144 0.06384 59.70738
4.71250 3.92950 0.00098 0.06789 275.76517
0.71050 4.04550 0.00168 0.08127 288.93436
0.76850 4.16150 0.00164 0.14199 285.51029
4.71250 4.16150 0.00096 0.11485 273.86418
2.74050 3.98750 0.00229 0.01539 303.33907
4.74150 4.16150 0.00096 0.12610 270.61797
1.84150 4.01650 0.00231 0.03166 182.71598
2.62450 4.10350 0.00236 0.03623 281.68830
2.82750 4.10350 0.00229 0.03804 84.37333
4.56750 4.16150 0.00096 0.10643 294.05322
