0.27500 0.37500 0.79672 0.04385 357.80443
0.02500 0.27500 0.79668 0.03559 281.90358
0.32500 0.17500 0.79648 0.04843 14.04198
0.17500 0.12500 0.79654 0.03476 0.47800
0.47500 0.42500 0.79696 0.05374 13.08972
0.67500 0.37500 0.79717 0.05757 9.54904
0.72500 0.12500 0.79747 0.05212 359.39540
1.07500 0.27500 0.80199 0.06255 332.61562
1.02500 0.17500 0.80173 0.05794 337.17018
0.57500 0.32500 0.79655 0.06856 32.54491
1.47500 0.22500 0.81367 0.06690 333.88307
1.42500 0.12500 0.81083 0.07863 349.04017
1.42500 0.27500 0.81125 0.06576 332.59328
1.57500 0.42500 0.80953 0.05940 333.61181
1.27500 0.02500 0.80265 0.06490 357.40345
2.17500 0.12500 0.81428 0.08415 11.91215
1.92500 0.02500 0.81211 0.08460 0.03386
1.97500 0.27500 0.81352 0.07779 7.91344
1.87500 0.42500 0.81116 0.05998 357.04696
1.87500 0.27500 0.81249 0.07008 358.61817
2.52500 0.42500 0.81209 0.10294 22.99322
2.32500 0.07500 0.81125 0.08521 2.77141
2.57500 0.22500 0.81191 0.09141 15.54592
2.42500 0.27500 0.81274 0.09496 19.61608
2.52500 0.37500 0.81251 0.10062 22.73726
2.92500 0.22500 0.80396 0.05667 32.84033
3.12500 0.22500 0.80129 0.03548 39.24737
2.97500 0.02500 0.80132 0.02469 2.08931
2.92500 0.42500 0.80712 0.10753 26.74376
2.92500 0.07500 0.80264 0.03455 16.78819
3.67500 0.42500 0.79632 0.06513 83.20125
3.57500 0.27500 0.79627 0.05489 101.63544
3.72500 0.32500 0.79710 0.03291 62.23578
3.42500 0.07500 0.79569 0.02716 154.62372
3.52500 0.02500 0.79741 0.03756 173.25719
4.32500 0.12500 0.79734 0.05528 204.49284
3.92500 0.37500 0.79713 0.04939 15.29683
3.87500 0.07500 0.79804 0.06451 167.92882
4.17500 0.37500 0.79721 0.04277 335.11259
4.02500 0.12500 0.79749 0.02479 176.97142
4.72500 0.32500 0.79872 0.02843 288.68988
4.62500 0.37500 0.79844 0.03863 299.85711
4.52500 0.07500 0.79613 0.12543 188.56036
4.42500 0.02500 0.79645 0.12294 184.18888
4.92500 0.37500 0.79979 0.02149 313.19007
5.27500 0.37500 0.79693 0.02800 293.31414
5.12500 0.32500 0.79860 0.01569 299.89890
5.47500 0.02500 0.76322 0.00000 180.00000
5.07500 0.27500 0.79807 0.01122 301.06885
5.27500 0.27500 0.79537 0.02998 266.46182
0.52500 0.87500 0.79704 0.07616 356.88402
0.42500 0.57500 0.79683 0.06736 10.99797
0.07500 0.52500 0.79744 0.06981 282.97924
0.02500 0.82500 0.79861 0.08209 270.34898
0.02500 0.47500 0.79710 0.06432 274.95006
0.62500 0.62500 0.79700 0.08070 3.07585
0.77500 0.47500 0.79741 0.06553 355.43968
1.07500 0.47500 0.80220 0.07148 330.32173
0.87500 0.72500 0.79783 0.08460 345.79456
0.67500 0.57500 0.79704 0.07495 4.89061
1.52500 0.72500 0.80346 0.07016 328.94520
1.57500 0.82500 0.80221 0.06541 336.13890
1.17500 0.67500 0.80087 0.07518 333.05323
1.57500 0.77500 0.80251 0.06789 332.54414
1.27500 0.72500 0.80059 0.07388 335.99184
2.12500 0.52500 0.81035 0.06971 17.78256
1.77500 0.57500 0.80658 0.05466 341.27337
2.12500 0.67500 0.80573 0.07055 15.53933
1.77500 0.77500 0.80244 0.05838 343.57335
1.72500 0.67500 0.80448 0.05978 335.95187
2.22500 0.62500 0.80703 0.07927 22.88730
2.72500 0.52500 0.81032 0.11270 25.56236
2.52500 0.57500 0.81048 0.10442 25.71105
2.67500 0.82500 0.80550 0.10460 18.12489
2.67500 0.52500 0.81123 0.10831 25.66600
2.97500 0.62500 0.80776 0.10821 24.38129
2.77500 0.72500 0.80668 0.11238 20.62168
3.12500 0.82500 0.80720 0.09792 34.10228
3.22500 0.72500 0.80707 0.09929 39.96221
3.02500 0.57500 0.80767 0.10865 29.65134
3.42500 0.57500 0.79958 0.07535 72.29125
3.47500 0.57500 0.79818 0.08288 79.03849
3.72500 0.52500 0.79646 0.06465 87.65095
3.67500 0.52500 0.79639 0.07451 91.49975
3.62500 0.77500 0.79777 0.10081 86.62186
4.12500 0.52500 0.79737 0.02971 353.07833
4.27500 0.72500 0.79794 0.01901 40.83997
3.87500 0.72500 0.79726 0.07323 89.34281
4.27500 0.77500 0.79799 0.01863 48.80829
4.32500 0.67500 0.79798 0.02050 27.67781
4.47500 0.77500 0.79877 0.02101 26.21138
4.77500 0.87500 0.79915 0.02177 43.43676
4.92500 0.72500 0.79854 0.02533 39.29577
4.42500 0.67500 0.79805 0.02210 4.28140
4.67500 0.57500 0.79830 0.03639 325.86450
5.02500 0.57500 0.79926 0.02088 344.44652
5.42500 0.57500 0.78021 0.09606 269.19475
5.27500 0.47500 0.79491 0.02867 282.99911
5.12500 0.47500 0.79820 0.01665 315.17031
5.42500 0.82500 0.77611 0.09507 270.81363
0.32500 1.22500 0.79827 0.06015 305.52660
0.32500 0.97500 0.79742 0.05134 308.45936
0.52500 0.92500 0.79713 0.08325 349.58497
0.17500 1.22500 0.79890 0.06901 278.28979
0.32500 1.32500 0.80004 0.06469 290.34559
0.92500 1.27500 0.79779 0.09624 359.05339
0.82500 1.27500 0.79774 0.08693 359.86818
1.02500 1.02500 0.79753 0.10033 348.49518
0.97500 1.07500 0.79706 0.10403 4.39406
1.02500 0.97500 0.79818 0.10145 339.60723
1.27500 0.92500 0.79815 0.07873 345.90022
1.37500 1.12500 0.79741 0.07183 354.13463
1.62500 1.02500 0.79853 0.05826 346.69360
1.32500 1.12500 0.79737 0.07710 355.40978
1.52500 1.17500 0.79742 0.05829 351.60580
2.02500 1.07500 0.80040 0.03769 349.40556
1.82500 1.17500 0.79801 0.02939 350.62100
1.97500 1.32500 0.79935 0.02767 4.02070
1.97500 1.12500 0.80042 0.02994 342.96902
1.67500 0.92500 0.79973 0.05658 344.84614
2.72500 1.17500 0.80124 0.03569 20.17650
2.72500 1.02500 0.80382 0.07023 22.01048
2.67500 0.92500 0.80487 0.08988 18.27972
2.22500 1.22500 0.80088 0.02385 354.99696
2.67500 1.32500 0.79967 0.02559 16.17603
2.82500 1.02500 0.80422 0.07533 26.79636
3.27500 1.07500 0.80649 0.07133 62.01587
3.17500 1.32500 0.80514 0.05207 81.68471
3.12500 1.02500 0.80609 0.07015 46.43830
3.02500 1.27500 0.80411 0.04043 65.44461
3.37500 1.32500 0.80543 0.08848 88.98333
3.47500 0.97500 0.80431 0.10361 72.49192
3.32500 1.17500 0.80642 0.07722 70.26033
3.32500 1.07500 0.80636 0.08567 69.15745
3.52500 1.32500 0.80229 0.09879 92.80824
4.37500 0.97500 0.79832 0.01612 54.85073
4.27500 1.17500 0.79785 0.01753 40.81396
4.32500 0.92500 0.79810 0.01935 54.67570
4.22500 0.97500 0.79790 0.01656 56.17562
3.87500 1.12500 0.79764 0.05609 98.44793
4.52500 1.12500 0.79800 0.01288 57.81542
4.57500 1.32500 0.79719 0.00990 86.93248
4.67500 1.07500 0.79757 0.02209 41.54952
4.77500 0.92500 0.79902 0.02164 47.02269
4.57500 1.22500 0.79660 0.01288 53.68161
5.22500 1.12500 0.78924 0.02393 48.13381
5.37500 1.07500 0.77605 0.05615 275.69333
5.07500 1.32500 0.79832 0.03351 51.84758
5.37500 1.22500 0.77054 0.07451 271.27662
5.17500 1.17500 0.79462 0.04029 50.99374
0.17500 1.62500 0.80231 0.05821 274.09824
0.22500 1.67500 0.80262 0.05351 272.19560
0.37500 1.57500 0.80081 0.05537 297.29156
0.47500 1.52500 0.80061 0.05838 305.51942
0.32500 1.72500 0.80174 0.05010 279.64094
0.82500 1.57500 0.79874 0.05797 7.32361
0.92500 1.62500 0.79868 0.05939 2.32570
1.02500 1.67500 0.79831 0.05877 12.88939
0.77500 1.37500 0.79820 0.08016 359.15653
0.92500 1.67500 0.79875 0.05184 2.12273
1.57500 1.67500 0.79719 0.03680 37.72616
1.32500 1.77500 0.79815 0.04553 46.91360
1.27500 1.37500 0.79716 0.07164 4.91639
1.32500 1.57500 0.79733 0.06004 17.85555
1.12500 1.67500 0.79804 0.05829 9.75803
2.02500 1.42500 0.79864 0.03685 0.59082
1.87500 1.47500 0.79778 0.03809 15.84621
2.07500 1.37500 0.79919 0.03562 354.55509
1.67500 1.52500 0.79702 0.03686 22.84346
1.72500 1.37500 0.79735 0.03252 20.93757
2.57500 1.72500 0.79889 0.01990 73.92408
2.72500 1.57500 0.79955 0.01819 63.20960
2.42500 1.47500 0.79824 0.03278 349.98594
2.62500 1.37500 0.79885 0.01989 1.06571
2.52500 1.72500 0.79876 0.01761 61.03386
3.27500 1.67500 0.80498 0.08458 122.59277
3.27500 1.47500 0.80573 0.07301 105.05275
3.02500 1.52500 0.80345 0.03459 93.87908
2.77500 1.42500 0.79995 0.01320 40.20577
3.12500 1.42500 0.80499 0.04884 96.52546
3.82500 1.57500 0.79859 0.04654 107.40323
3.32500 1.67500 0.80472 0.08574 122.54090
3.47500 1.77500 0.80230 0.07623 124.79498
3.72500 1.57500 0.79905 0.05635 104.48998
3.42500 1.57500 0.80405 0.08214 108.19671
3.97500 1.72500 0.79795 0.03805 116.10039
4.17500 1.62500 0.80082 0.02354 118.85131
3.92500 1.72500 0.79752 0.04121 116.84484
4.07500 1.72500 0.80170 0.02900 118.96056
4.27500 1.72500 0.82315 0.01221 126.41019
4.47500 1.77500 0.88913 0.00592 277.18507
4.57500 1.37500 0.79778 0.00899 92.42310
4.47500 1.67500 0.84966 0.00560 297.75378
4.92500 1.67500 0.90695 0.02106 318.63752
4.57500 1.47500 0.80440 0.00363 86.83770
5.17500 1.57500 0.81171 0.02400 72.51637
5.07500 1.52500 0.81512 0.02550 54.46493
5.42500 1.77500 0.76948 0.02605 255.12100
5.27500 1.57500 0.79466 0.00541 24.90820
4.97500 1.37500 0.80910 0.01968 43.86782
0.42500 2.12500 0.80278 0.02810 218.96232
0.52500 2.12500 0.80227 0.02913 190.72357
0.07500 2.12500 0.80565 0.01772 260.77690
0.07500 1.92500 0.80485 0.03697 266.85198
0.32500 2.07500 0.80353 0.03006 231.52478
0.57500 1.82500 0.80038 0.01286 298.91617
1.07500 2.07500 0.80125 0.03159 138.61954
0.87500 1.87500 0.79977 0.01768 55.59995
0.92500 2.02500 0.80027 0.01499 130.77958
0.92500 1.87500 0.79966 0.01703 38.37078
1.37500 2.07500 0.79954 0.01670 92.16173
1.22500 1.87500 0.79875 0.03514 51.76035
1.17500 2.07500 0.80218 0.02223 135.78383
1.47500 1.87500 0.79814 0.04165 53.98577
1.62500 2.17500 0.80956 0.03864 183.73912
1.77500 2.02500 0.79861 0.02997 89.02509
1.97500 1.92500 0.79793 0.02580 55.59554
1.77500 1.87500 0.79776 0.02650 64.95307
2.07500 2.22500 0.84880 0.10264 127.15235
1.72500 2.17500 0.80192 0.03513 134.83854
2.72500 2.22500 0.81930 0.06587 136.26100
2.62500 1.92500 0.80245 0.08299 148.82311
2.32500 1.82500 0.79885 0.01004 127.34935
2.72500 1.82500 0.80142 0.05191 137.85773
2.22500 1.82500 0.79877 0.00487 80.30556
3.22500 2.07500 0.82324 0.06387 131.38172
2.87500 1.97500 0.80486 0.09490 147.91270
2.77500 1.82500 0.80217 0.05915 138.23454
2.77500 1.87500 0.80317 0.08549 146.58503
2.97500 1.92500 0.80498 0.09719 146.47344
3.32500 1.92500 0.80224 0.07227 137.88256
3.72500 2.12500 0.82597 0.04346 127.50268
3.37500 2.02500 0.80294 0.05667 132.69739
3.32500 1.82500 0.80356 0.08090 134.53924
3.37500 1.92500 0.80177 0.06736 136.14288
3.97500 1.92500 0.81703 0.03145 121.15749
4.17500 1.97500 0.86610 0.01550 131.49540
4.37500 1.82500 0.86715 0.00349 186.08635
4.27500 2.07500 0.93369 0.00902 198.35459
4.12500 1.92500 0.83474 0.02026 124.68621
4.82500 2.17500 0.98106 0.04003 284.23065
4.42500 2.12500 0.96015 0.01674 231.32950
4.82500 1.82500 0.95777 0.02992 288.99814
4.82500 2.02500 0.97584 0.03442 281.01942
4.52500 2.07500 0.96857 0.02016 254.87451
5.37500 1.92500 0.78525 0.01947 270.61796
5.17500 1.87500 0.85936 0.00824 268.81809
5.37500 2.17500 0.79129 0.01549 351.42535
5.42500 2.07500 0.78531 0.01443 346.45485
5.32500 1.97500 0.81904 0.01075 285.53552
0.17500 2.42500 0.80727 0.01327 141.21203
0.02500 2.67500 0.80854 0.02699 88.11065
0.02500 2.62500 0.80830 0.02533 87.69221
0.02500 2.27500 0.80613 0.01164 210.22101
0.32500 2.42500 0.80623 0.02179 169.66458
0.77500 2.52500 0.81565 0.02961 140.86578
0.92500 2.62500 0.82884 0.01146 34.79951
0.77500 2.47500 0.81303 0.03758 152.50772
0.82500 2.27500 0.80542 0.04582 161.79042
0.57500 2.52500 0.81042 0.03481 141.54326
1.12500 2.32500 0.82119 0.03940 188.58254
1.17500 2.67500 0.83215 0.04032 359.55949
1.52500 2.62500 0.83115 0.05215 347.44021
1.37500 2.37500 0.82870 0.03895 207.27554
1.12500 2.52500 0.83094 0.00496 276.59518
1.77500 2.67500 0.83290 0.05425 346.67844
1.87500 2.52500 0.83463 0.03697 327.96505
1.87500 2.47500 0.83592 0.02740 350.20764
1.87500 2.37500 0.83551 0.02233 242.52830
1.67500 2.67500 0.83168 0.05374 341.05259
2.37500 2.27500 2.04327 0.09206 124.97265
2.42500 2.27500 1.04573 0.08623 133.52927
2.27500 2.37500 9.50623 0.09273 127.39265
2.27500 2.47500 10.75236 0.06711 110.47111
2.47500 2.67500 1.53743 0.09068 90.04423
3.17500 2.37500 0.87490 0.02775 268.45128
3.12500 2.37500 0.89327 0.06177 253.29898
3.07500 2.52500 0.89816 0.04982 238.87846
2.97500 2.47500 0.88946 0.00474 89.75825
2.97500 2.52500 0.88982 0.04463 248.60391
3.82500 2.62500 0.92563 0.03262 132.62698
3.52500 2.57500 0.90270 0.05449 136.58391
3.57500 2.57500 0.90962 0.04778 137.36653
3.77500 2.37500 0.89554 0.03896 134.53199
3.67500 2.47500 0.90041 0.04256 131.91416
3.92500 2.27500 0.90690 0.02946 131.72559
3.87500 2.67500 0.93822 0.02806 134.62458
4.27500 2.67500 0.97041 0.01392 183.74836
3.97500 2.47500 0.92969 0.02569 137.11409
4.12500 2.32500 0.93851 0.01840 154.53532
4.67500 2.37500 0.98312 0.04245 273.09224
4.52500 2.57500 0.97839 0.03884 276.19356
4.62500 2.42500 0.98417 0.03934 269.83979
4.42500 2.27500 0.96637 0.02028 240.38829
4.62500 2.47500 0.98610 0.04138 270.63690
5.47500 2.42500 0.77858 0.05015 87.06228
5.22500 2.52500 0.89831 0.00805 26.24674
5.27500 2.67500 0.83733 0.06082 78.46651
5.37500 2.47500 0.79888 0.04782 74.38867
5.22500 2.37500 0.90451 0.01972 339.21276
0.02500 2.72500 0.80875 0.02717 89.15655
0.12500 2.87500 0.81067 0.02131 66.20129
0.32500 3.12500 0.82215 0.04800 3.05733
0.07500 2.87500 0.80979 0.02039 69.65442
0.12500 3.02500 0.81139 0.01882 52.29590
0.72500 2.72500 0.81930 0.01798 84.70169
0.57500 2.72500 0.81393 0.02186 85.75005
0.82500 2.87500 0.82621 0.04263 21.46695
0.82500 3.02500 0.82301 0.06314 15.47797
0.57500 2.97500 0.81708 0.04136 23.05672
1.12500 3.02500 0.82710 0.07424 5.30972
1.32500 2.77500 0.82778 0.05729 356.81795
1.12500 2.77500 0.83132 0.04466 5.55102
1.32500 3.07500 0.82776 0.07194 4.72793
1.57500 2.82500 0.82949 0.06476 352.02881
1.82500 3.02500 0.84021 0.06305 13.63288
2.12500 2.77500 1.01110 0.04986 40.66486
1.82500 3.07500 0.83679 0.06927 12.86256
1.67500 2.77500 0.83197 0.06291 352.30785
2.12500 2.82500 0.89924 0.05654 24.00365
2.52500 2.87500 1.40943 0.10202 70.84221
2.42500 3.02500 1.49392 0.10408 56.14046
2.27500 2.92500 1.38287 0.08222 56.46456
2.42500 3.12500 1.35710 0.09560 49.42471
2.47500 2.77500 1.40321 0.09664 75.35693
3.12500 2.92500 0.88747 0.00655 112.33732
2.87500 2.72500 0.88066 0.00984 179.65064
3.27500 2.97500 0.90185 0.01353 100.52078
3.17500 3.07500 0.88264 0.02548 63.64615
3.27500 3.12500 0.89430 0.02585 70.61161
3.77500 2.87500 0.96437 0.02445 151.72623
3.67500 2.92500 0.96401 0.02983 156.26176
3.37500 2.72500 0.91170 0.01939 155.78843
3.52500 3.02500 0.96635 0.02570 145.22166
3.72500 3.02500 0.97988 0.02189 167.57622
4.27500 2.77500 0.97488 0.00561 289.24188
3.97500 2.72500 0.94206 0.01429 126.63741
4.22500 2.72500 0.96558 0.00860 172.65188
3.87500 2.82500 0.96531 0.02850 149.04314
4.22500 2.82500 0.97861 0.00462 350.65997
4.42500 3.02500 0.99857 0.06161 303.48116
4.87500 2.92500 0.99265 0.07910 282.13675
4.62500 3.02500 1.00465 0.08639 299.19374
4.87500 2.82500 0.98582 0.07987 282.98709
4.87500 3.12500 0.98534 0.06746 287.95953
5.12500 2.72500 0.90516 0.02680 315.95257
5.47500 3.07500 0.81380 0.07209 88.65669
5.02500 2.97500 0.94121 0.04253 267.08916
5.17500 2.97500 0.86879 0.01321 175.83407
5.32500 2.97500 0.82588 0.05021 100.97647
0.12500 3.17500 0.82335 0.02430 352.55335
0.22500 3.17500 0.83204 0.04126 346.31739
0.32500 3.42500 0.85682 0.05503 321.81178
0.02500 3.37500 0.85935 0.04556 273.62419
0.27500 3.22500 0.84379 0.05669 346.49326
0.97500 3.52500 0.83550 0.05286 16.24763
1.07500 3.32500 0.83100 0.07190 9.55141
0.62500 3.32500 0.84667 0.06665 9.56126
0.62500 3.22500 0.82715 0.08386 7.90979
0.92500 3.22500 0.82851 0.08304 9.83211
1.62500 3.47500 0.85548 0.05235 11.99462
1.22500 3.47500 0.83563 0.04907 12.71370
1.52500 3.42500 0.84364 0.05164 359.60058
1.62500 3.52500 0.85836 0.05205 14.33792
1.32500 3.17500 0.82892 0.07299 3.77857
1.92500 3.32500 0.83900 0.07896 19.41025
1.97500 3.22500 0.83821 0.07811 23.96621
2.12500 3.17500 0.86222 0.07301 30.95972
1.92500 3.37500 0.84156 0.07834 23.74119
2.12500 3.47500 0.84659 0.08995 38.50960
2.27500 3.47500 0.86128 0.08856 42.42818
2.67500 3.22500 1.14522 0.11476 49.13064
2.67500 3.37500 1.09205 0.11169 44.34704
2.67500 3.42500 1.15122 0.10092 45.60216
2.62500 3.22500 1.17370 0.11442 49.07174
2.87500 3.52500 1.13572 0.10489 37.88600
2.92500 3.52500 1.13220 0.10667 36.39505
2.87500 3.17500 0.92082 0.10042 49.76197
2.87500 3.47500 1.12544 0.11013 38.07804
2.92500 3.22500 0.94651 0.10564 44.25983
3.62500 3.17500 0.95824 0.01167 75.55885
3.57500 3.47500 0.99314 0.09230 358.63415
3.77500 3.22500 0.95511 0.03127 348.73318
3.47500 3.57500 1.04118 0.09860 2.97644
3.67500 3.47500 0.99012 0.09115 353.50571
4.32500 3.47500 1.02344 0.10519 328.93349
4.17500 3.22500 0.97937 0.06356 336.00365
3.97500 3.32500 0.96444 0.06712 346.01552
4.27500 3.37500 1.00771 0.09529 332.14680
3.97500 3.22500 0.97581 0.04412 342.87531
4.42500 3.27500 1.00378 0.09731 318.53270
4.72500 3.47500 0.99432 0.07195 309.55780
4.52500 3.17500 1.00629 0.09497 308.58349
4.52500 3.37500 1.00983 0.10245 319.23917
4.77500 3.57500 0.97907 0.05444 310.44833
5.17500 3.42500 0.93652 0.02373 283.22808
4.97500 3.57500 0.96402 0.03449 291.07330
5.17500 3.47500 0.93689 0.03409 278.51996
5.42500 3.57500 0.85906 0.05623 91.14128
5.02500 3.57500 0.96259 0.03262 293.14554
0.37500 3.97500 0.86750 0.05334 207.86711
0.02500 3.82500 0.86625 0.07484 269.83923
0.32500 3.72500 0.85900 0.05029 252.05869
0.37500 4.02500 0.87448 0.05557 208.97749
0.07500 3.72500 0.86538 0.08405 267.74998
0.97500 3.92500 0.88759 0.04562 185.93802
1.07500 3.97500 0.89316 0.05465 191.85896
0.87500 3.92500 0.88372 0.04689 182.88498
0.72500 3.62500 0.84881 0.01869 61.07640
0.97500 3.97500 0.89064 0.05016 188.93462
1.22500 3.72500 0.87335 0.01996 210.36802
1.22500 3.67500 0.86556 0.00428 245.58926
1.62500 3.72500 0.88670 0.01938 271.56733
1.52500 3.82500 0.89435 0.05940 215.23382
1.47500 3.87500 0.89137 0.05066 216.92870
1.77500 4.02500 0.87876 0.05193 228.93552
1.72500 3.72500 0.88480 0.02207 316.24856
1.72500 3.62500 0.87971 0.02694 347.35125
1.67500 3.92500 0.88325 0.04024 242.39066
1.87500 3.82500 0.88084 0.02434 306.38036
2.32500 3.82500 0.86098 0.08865 50.10257
2.67500 3.62500 1.08572 0.09253 44.73730
2.57500 3.97500 0.86562 0.08944 41.53725
2.47500 3.77500 0.86555 0.09442 48.25005
2.22500 3.82500 0.86543 0.07274 47.01678
2.82500 3.77500 1.00697 0.08865 34.52184
2.92500 3.82500 0.99001 0.08719 28.56378
2.87500 3.67500 1.07401 0.09426 33.68670
3.27500 3.72500 1.08517 0.09753 8.12262
3.07500 4.02500 0.89732 0.08384 8.32532
3.82500 3.92500 0.95608 0.10519 342.33501
3.82500 3.87500 0.96502 0.10460 342.24406
3.67500 3.97500 0.93384 0.09636 343.66012
3.32500 3.72500 1.06548 0.09720 7.36483
3.67500 3.87500 0.95870 0.09841 344.58964
3.92500 3.72500 1.02556 0.10635 340.69444
3.97500 3.82500 0.97443 0.10667 339.10826
4.07500 3.77500 0.99215 0.10619 335.95972
4.27500 3.62500 1.01713 0.10876 331.70067
3.97500 3.72500 1.02947 0.10555 341.33503
4.72500 3.72500 0.97928 0.05886 313.45110
4.77500 3.72500 0.97755 0.05383 314.86451
4.57500 3.77500 0.97982 0.06368 321.31771
4.72500 3.77500 0.97900 0.05462 317.05520
4.42500 3.87500 0.97564 0.06479 325.71146
5.02500 3.97500 0.96631 0.03973 325.92597
5.02500 3.62500 0.96356 0.03060 294.70583
5.32500 3.77500 0.89834 0.00679 8.89368
5.32500 4.02500 0.92271 0.01502 349.68492
5.02500 3.87500 0.96940 0.03766 324.00954
0.37500 4.22500 0.88286 0.05057 207.73057
0.12500 4.27500 0.87179 0.03349 237.80963
0.47500 4.42500 0.88746 0.03110 187.48144
0.42500 4.32500 0.88568 0.04645 193.45879
0.52500 4.32500 0.88813 0.05515 189.47599
0.62500 4.17500 0.89009 0.06615 191.43902
0.77500 4.32500 0.89824 0.06743 188.06521
1.02500 4.32500 0.90122 0.07544 188.49959
1.07500 4.32500 0.90033 0.07556 188.49365
1.07500 4.37500 0.90079 0.07809 187.79391
1.42500 4.27500 0.89195 0.08002 191.09648
1.12500 4.42500 0.90025 0.07402 185.13135
1.42500 4.42500 0.89208 0.08663 183.42122
1.22500 4.17500 0.89764 0.07130 194.29157
1.62500 4.17500 0.88760 0.07669 203.15150
1.82500 4.07500 0.87737 0.05475 223.30509
2.02500 4.07500 0.87245 0.03052 240.78131
2.12500 4.22500 0.87002 0.03186 205.35045
2.12500 4.17500 0.87037 0.02186 226.52011
1.82500 4.27500 0.87661 0.05513 208.31765
2.57500 4.27500 0.86805 0.04298 27.13143
2.37500 4.37500 0.86816 0.01505 4.99448
2.62500 4.12500 0.86400 0.07242 30.88234
2.22500 4.27500 0.86871 0.00259 224.68691
2.62500 4.22500 0.86692 0.05856 25.35734
2.82500 4.27500 0.86757 0.06006 20.63755
3.27500 4.37500 0.88245 0.05615 353.35216
3.22500 4.32500 0.88110 0.07092 355.32492
2.97500 4.47500 0.87702 0.04571 2.45743
3.12500 4.32500 0.87660 0.05581 2.33123
3.57500 4.42500 0.99061 0.00995 272.76465
3.52500 4.12500 0.89611 0.08768 345.46765
3.82500 4.47500 1.00952 0.00220 233.49438
3.62500 4.12500 0.90354 0.09069 342.12247
3.42500 4.17500 0.89428 0.08791 346.98975
4.07500 4.22500 1.00049 0.02847 321.40305
4.02500 4.37500 1.00677 0.01877 324.43039
4.02500 4.22500 0.99609 0.03154 321.11322
4.37500 4.37500 0.99750 0.02885 341.11292
4.27500 4.17500 0.99715 0.02873 329.22096
4.77500 4.37500 0.95058 0.02716 304.28688
4.47500 4.47500 0.98945 0.03378 358.76164
4.92500 4.12500 0.96082 0.05517 331.73934
4.87500 4.37500 0.94632 0.03024 280.90485
4.82500 4.07500 0.97217 0.05022 331.21470
5.17500 4.32500 0.92665 0.00609 0.75261
5.37500 4.47500 0.76322 0.00000 180.00000
4.97500 4.37500 0.92401 0.01858 226.96291
4.97500 4.27500 0.94327 0.03770 326.14976
5.17500 4.42500 0.90311 0.07050 171.26990
