0.52500 0.42500 0.79691 0.05873 10.69577
0.52500 0.32500 0.79658 0.06716 29.70256
0.27500 0.32500 0.79665 0.04249 6.10641
0.52500 0.27500 0.79656 0.06281 29.95307
0.52500 0.07500 0.79705 0.05757 9.01402
0.77500 0.17500 0.79786 0.04868 359.44683
0.57500 0.32500 0.79655 0.06856 32.54491
0.72500 0.37500 0.79752 0.05720 355.86942
0.67500 0.17500 0.79681 0.05704 18.39366
0.77500 0.37500 0.79756 0.05701 356.51019
1.27500 0.32500 0.80876 0.06576 329.56670
1.12500 0.32500 0.80619 0.06773 327.99013
1.42500 0.42500 0.80954 0.06449 327.69233
1.47500 0.37500 0.81026 0.06328 331.94456
1.22500 0.07500 0.80253 0.06908 352.48921
1.77500 0.07500 0.81227 0.09021 359.11713
1.92500 0.32500 0.81229 0.07057 1.72144
2.02500 0.27500 0.81395 0.08068 12.41865
1.97500 0.22500 0.81413 0.08032 7.01530
1.87500 0.27500 0.81249 0.07008 358.61817
2.42500 0.22500 0.81270 0.09408 17.32169
2.42500 0.42500 0.81258 0.09953 22.43963
2.57500 0.02500 0.80534 0.06450 0.30202
2.47500 0.22500 0.81271 0.09351 15.76191
2.67500 0.27500 0.80863 0.10374 21.60141
3.27500 0.22500 0.79934 0.03487 59.98606
2.82500 0.17500 0.80486 0.06137 20.53747
2.87500 0.17500 0.80463 0.05643 22.39726
2.87500 0.27500 0.80556 0.07628 26.98157
2.97500 0.37500 0.80571 0.09166 24.22461
3.47500 0.12500 0.79653 0.04467 125.40498
3.57500 0.27500 0.79627 0.05489 101.63544
3.72500 0.22500 0.79756 0.02338 86.59181
3.52500 0.22500 0.79640 0.06113 104.67963
3.72500 0.37500 0.79682 0.04247 77.25314
4.02500 0.07500 0.79786 0.07277 179.57484
4.27500 0.22500 0.79741 0.03444 247.12035
3.92500 0.12500 0.79774 0.01825 142.05617
3.87500 0.07500 0.79804 0.06451 167.92882
4.37500 0.27500 0.79754 0.03219 281.26804
4.42500 0.32500 0.79801 0.03651 305.18743
4.47500 0.17500 0.79800 0.02207 236.30993
4.87500 0.17500 0.79790 0.02088 207.55916
4.67500 0.22500 0.79860 0.03890 208.24489
4.62500 0.37500 0.79844 0.03863 299.85711
5.32500 0.07500 0.79016 0.07436 201.29200
5.47500 0.42500 0.78299 0.10802 270.51449
5.02500 0.07500 0.79157 0.10817 183.48746
4.97500 0.32500 0.79947 0.02152 299.48395
5.27500 0.42500 0.79600 0.02337 284.39296
0.17500 0.77500 0.79727 0.05371 303.09542
0.22500 0.77500 0.79736 0.05685 307.37381
0.07500 0.82500 0.79841 0.08867 275.63086
0.22500 0.47500 0.79693 0.04232 316.67540
0.47500 0.52500 0.79676 0.06080 17.75544
0.62500 0.62500 0.79700 0.08070 3.07585
0.72500 0.77500 0.79709 0.09454 353.99512
0.57500 0.87500 0.79697 0.09506 9.37810
0.62500 0.72500 0.79712 0.08725 351.41111
0.82500 0.77500 0.79708 0.09451 358.41745
1.62500 0.82500 0.80215 0.06342 338.81265
1.27500 0.52500 0.80511 0.06951 327.95617
1.57500 0.52500 0.80774 0.05981 332.97227
1.27500 0.67500 0.80190 0.07402 331.77998
1.47500 0.57500 0.80500 0.06300 332.43842
2.12500 0.87500 0.80211 0.06416 2.81424
1.87500 0.82500 0.80071 0.05809 343.17793
2.17500 0.82500 0.80288 0.07136 10.74937
2.17500 0.52500 0.81085 0.07517 21.24656
1.82500 0.57500 0.80635 0.05337 347.66681
2.52500 0.52500 0.81107 0.10333 25.07953
2.22500 0.82500 0.80292 0.07321 13.91856
2.27500 0.72500 0.80567 0.08187 20.59536
2.47500 0.62500 0.80903 0.10280 25.32868
2.27500 0.52500 0.81003 0.08141 23.98321
2.82500 0.47500 0.80966 0.11160 27.57992
3.07500 0.87500 0.80689 0.09358 31.51083
2.97500 0.57500 0.80778 0.10868 26.28684
3.17500 0.87500 0.80718 0.09297 38.62420
3.17500 0.82500 0.80730 0.09905 36.84907
3.82500 0.62500 0.79696 0.07052 89.87000
3.67500 0.67500 0.79710 0.09406 88.51356
3.62500 0.67500 0.79698 0.09005 92.20847
3.77500 0.82500 0.79718 0.08623 91.85425
3.77500 0.62500 0.79681 0.06914 89.70996
4.27500 0.57500 0.79776 0.02216 5.51509
4.37500 0.82500 0.79813 0.02129 48.38881
3.92500 0.82500 0.79731 0.07474 84.91106
4.27500 0.87500 0.79796 0.02436 63.34028
4.32500 0.47500 0.79760 0.04042 317.99804
4.67500 0.72500 0.79966 0.02261 11.22049
4.47500 0.72500 0.79844 0.02284 13.13565
4.47500 0.62500 0.79823 0.02664 336.29303
4.67500 0.67500 0.79916 0.02553 352.27930
4.57500 0.62500 0.79866 0.03195 341.23046
5.37500 0.57500 0.78116 0.08986 273.60497
5.27500 0.87500 0.79060 0.00815 328.33726
5.17500 0.52500 0.79682 0.02810 320.71920
5.12500 0.87500 0.79568 0.02383 62.81138
5.42500 0.57500 0.78021 0.09606 269.19475
0.37500 1.17500 0.79801 0.05586 317.41584
0.42500 1.27500 0.79841 0.05685 323.64213
0.22500 1.32500 0.80037 0.06570 284.10393
0.52500 1.22500 0.79792 0.07093 345.51709
0.07500 1.32500 0.80118 0.07133 272.13715
0.77500 0.97500 0.79717 0.10587 357.63974
0.57500 1.17500 0.79763 0.07905 347.70782
0.82500 0.92500 0.79756 0.10579 348.27899
0.87500 1.12500 0.79778 0.10102 351.15682
1.07500 1.17500 0.79741 0.09794 355.54341
1.17500 1.32500 0.79709 0.07924 5.97608
1.62500 1.12500 0.79768 0.05102 347.49190
1.27500 1.17500 0.79734 0.07844 356.54304
1.57500 0.97500 0.79869 0.06021 347.57028
1.32500 0.97500 0.79844 0.07952 343.36080
2.12500 1.17500 0.80153 0.02295 353.74529
2.17500 1.32500 0.79997 0.02381 331.17445
1.77500 1.27500 0.79764 0.02847 2.77800
2.02500 1.17500 0.80129 0.02433 348.88407
2.12500 1.27500 0.80055 0.02238 349.57379
2.32500 1.32500 0.79944 0.02887 351.97654
2.42500 1.32500 0.79901 0.02258 340.08843
2.42500 0.92500 0.80423 0.08202 11.25650
2.62500 0.97500 0.80418 0.07601 16.76134
2.62500 1.22500 0.79953 0.02439 354.91831
2.97500 0.97500 0.80584 0.08203 30.41632
3.27500 1.27500 0.80624 0.07103 79.66774
3.12500 0.97500 0.80644 0.06986 45.09279
3.27500 0.97500 0.80705 0.09008 52.85915
3.17500 1.17500 0.80575 0.06029 60.16082
3.82500 1.22500 0.79776 0.04500 94.02665
3.57500 1.27500 0.80097 0.10042 95.49713
3.42500 1.07500 0.80602 0.09930 71.81503
3.67500 1.02500 0.79865 0.09762 91.48505
3.57500 1.07500 0.80025 0.10359 88.26296
4.32500 0.92500 0.79810 0.01935 54.67570
4.22500 0.92500 0.79790 0.02182 60.93264
4.37500 1.07500 0.79808 0.01559 48.48553
4.32500 1.17500 0.79762 0.01698 42.68459
3.87500 1.22500 0.79777 0.04398 93.27160
4.47500 1.07500 0.79816 0.01621 52.26762
4.47500 0.97500 0.79839 0.01580 36.19535
4.62500 1.22500 0.79625 0.01627 65.75137
4.72500 1.02500 0.79786 0.02900 34.36404
4.72500 1.17500 0.79731 0.01918 60.74805
5.07500 1.02500 0.79692 0.04205 73.06455
4.97500 0.92500 0.79814 0.02881 74.35239
5.27500 1.07500 0.78350 0.01209 340.68088
5.27500 1.12500 0.78482 0.00994 349.97867
5.02500 1.07500 0.79713 0.04021 71.55604
0.37500 1.72500 0.80165 0.04996 280.43718
0.02500 1.42500 0.80185 0.06374 270.36854
0.37500 1.57500 0.80081 0.05537 297.29156
0.47500 1.52500 0.80061 0.05838 305.51942
0.22500 1.42500 0.80049 0.06074 286.45076
0.97500 1.52500 0.79793 0.07211 4.54984
0.87500 1.67500 0.79872 0.04933 11.19832
0.67500 1.52500 0.79902 0.05475 348.68802
0.92500 1.57500 0.79842 0.06303 4.65946
1.07500 1.37500 0.79734 0.08029 5.92646
1.37500 1.72500 0.79779 0.04914 28.39551
1.47500 1.47500 0.79694 0.05295 15.88148
1.22500 1.67500 0.79785 0.05551 25.07862
1.17500 1.67500 0.79779 0.05807 17.80782
1.57500 1.52500 0.79699 0.04160 22.76818
2.17500 1.62500 0.79784 0.03851 351.75837
1.67500 1.37500 0.79698 0.03744 13.04509
1.97500 1.57500 0.79776 0.04014 2.44181
1.72500 1.67500 0.79699 0.02651 29.49553
2.02500 1.37500 0.79901 0.03228 4.38782
2.62500 1.47500 0.79834 0.01939 5.17838
2.52500 1.62500 0.79831 0.02276 33.60630
2.37500 1.57500 0.79789 0.03443 358.66855
2.27500 1.67500 0.79773 0.02969 358.51389
2.27500 1.57500 0.79787 0.03784 355.33068
2.92500 1.77500 0.80370 0.06103 133.71871
3.27500 1.37500 0.80598 0.06709 93.77772
3.22500 1.57500 0.80560 0.07313 111.76649
2.87500 1.42500 0.80183 0.03038 63.21565
2.82500 1.57500 0.80080 0.01841 93.33174
3.72500 1.77500 0.79937 0.05671 119.98299
3.77500 1.62500 0.79885 0.05504 115.20556
3.47500 1.62500 0.80273 0.07965 114.31893
3.37500 1.72500 0.80364 0.08349 125.98045
3.47500 1.37500 0.80373 0.09354 97.63026
4.22500 1.57500 0.80137 0.01894 122.55706
3.87500 1.67500 0.79778 0.04648 115.92552
4.12500 1.57500 0.79766 0.02857 113.93602
3.92500 1.52500 0.79829 0.03958 102.72663
4.37500 1.77500 0.85704 0.00513 160.89434
4.47500 1.47500 0.80027 0.00927 107.57519
4.52500 1.52500 0.80668 0.00487 112.82795
4.67500 1.57500 0.83578 0.00373 331.16903
4.62500 1.77500 0.91427 0.01385 293.58436
4.57500 1.67500 0.85113 0.00883 291.59657
5.02500 1.37500 0.80836 0.02539 46.93095
5.17500 1.42500 0.79943 0.03112 31.34579
4.97500 1.67500 0.90371 0.01775 330.97989
5.12500 1.42500 0.80589 0.03409 45.55856
5.42500 1.52500 0.76563 0.04520 270.51970
0.52500 2.12500 0.80227 0.02913 190.72357
0.22500 2.17500 0.80471 0.02517 236.58773
0.12500 1.87500 0.80409 0.04379 267.10688
0.17500 1.92500 0.80394 0.04074 261.11804
0.17500 2.07500 0.80449 0.03256 245.81237
0.87500 1.97500 0.80003 0.00557 98.04289
0.92500 1.87500 0.79966 0.01703 38.37078
0.87500 2.12500 0.80205 0.03852 155.27784
1.07500 2.07500 0.80125 0.03159 138.61954
0.72500 2.17500 0.80369 0.04310 163.18362
1.12500 1.97500 0.79979 0.02380 103.13715
1.22500 1.82500 0.79873 0.03620 51.49343
1.17500 1.82500 0.79882 0.03640 43.00742
1.17500 1.87500 0.79880 0.03677 54.40798
1.27500 2.12500 0.80265 0.02621 144.92739
2.02500 1.82500 0.79795 0.02136 13.75653
1.82500 1.97500 0.79813 0.02953 77.84156
1.82500 1.87500 0.79766 0.02718 59.55690
1.92500 2.17500 0.80414 0.04494 111.82745
1.97500 2.12500 0.80167 0.07769 89.99263
2.37500 1.92500 0.80070 0.04620 144.43493
2.67500 2.17500 0.81790 0.07415 142.27547
2.62500 2.02500 0.80415 0.09017 151.03303
2.52500 1.97500 0.80283 0.09024 147.47573
2.32500 2.07500 0.80321 0.06836 130.71676
2.82500 2.17500 0.81595 0.06488 132.33250
2.87500 2.07500 0.80555 0.09214 144.97843
2.82500 1.82500 0.80286 0.06419 137.89203
2.97500 2.17500 0.81408 0.05884 106.09388
2.97500 1.97500 0.80496 0.09733 146.72465
3.82500 2.17500 0.84428 0.04036 128.54231
3.82500 1.97500 0.80839 0.03953 124.18454
3.42500 1.82500 0.80224 0.07463 130.14665
3.32500 2.17500 0.85137 0.06260 164.51851
3.52500 2.12500 0.81155 0.05123 133.18094
3.97500 1.82500 0.80085 0.03640 116.30459
4.17500 2.17500 0.92582 0.01715 153.36025
4.22500 2.17500 0.93047 0.01674 156.74299
4.07500 2.22500 0.92348 0.02375 146.20958
4.27500 2.17500 0.94058 0.01401 176.68636
4.72500 1.87500 0.95528 0.02253 289.44003
4.57500 1.87500 0.93072 0.01438 279.64569
4.57500 1.92500 0.94939 0.01591 270.46815
4.87500 1.97500 0.97469 0.03526 288.34760
4.62500 1.87500 0.94123 0.01766 282.16275
4.97500 1.87500 0.96509 0.04849 305.10914
5.02500 1.92500 0.96658 0.04650 299.03426
5.42500 2.02500 0.78207 0.01338 318.48380
5.47500 2.07500 0.77336 0.01098 75.97642
5.32500 1.92500 0.80574 0.01169 271.22513
0.47500 2.57500 0.80899 0.02287 141.03497
0.12500 2.57500 0.80919 0.01413 102.00979
0.52500 2.47500 0.80796 0.02895 156.18820
0.02500 2.32500 0.80673 0.00427 110.00605
0.02500 2.67500 0.80854 0.02699 88.11065
1.07500 2.42500 0.82249 0.03005 186.30440
0.72500 2.52500 0.81419 0.03182 141.14896
0.87500 2.27500 0.80614 0.04541 159.51779
0.92500 2.52500 0.82163 0.01917 158.17085
0.77500 2.52500 0.81565 0.02961 140.86578
1.47500 2.27500 0.81726 0.04271 203.99654
1.12500 2.47500 0.82962 0.01167 222.60394
1.47500 2.62500 0.83170 0.04884 346.89987
1.22500 2.37500 0.82548 0.03583 200.94910
1.37500 2.67500 0.83141 0.04870 348.37857
1.82500 2.27500 0.82135 0.04248 188.33802
2.17500 2.47500 5.73207 0.03653 133.14738
1.92500 2.57500 0.84083 0.03672 335.87115
1.67500 2.67500 0.83168 0.05374 341.05259
2.07500 2.47500 1.39426 0.02221 179.27771
2.37500 2.32500 2.47962 0.09456 120.10336
2.67500 2.52500 0.86918 0.06613 114.31703
2.47500 2.62500 1.40874 0.08820 91.23435
2.47500 2.27500 0.98660 0.08552 136.89526
2.62500 2.27500 0.82376 0.06528 141.06195
3.17500 2.57500 0.90132 0.02841 222.93169
2.97500 2.42500 0.88547 0.00838 121.58511
2.87500 2.47500 0.88109 0.03262 127.46363
2.87500 2.52500 0.88460 0.02979 211.43868
3.17500 2.47500 0.90341 0.03736 239.05466
3.32500 2.57500 0.90889 0.02950 163.80117
3.57500 2.52500 0.90238 0.05289 139.43983
3.32500 2.32500 0.89153 0.07795 233.45058
3.62500 2.27500 0.84492 0.05333 124.08636
3.82500 2.42500 0.91370 0.03300 136.60853
4.27500 2.47500 0.96164 0.01478 197.28232
3.92500 2.42500 0.92236 0.02862 137.08128
3.97500 2.47500 0.92969 0.02569 137.11409
4.17500 2.62500 0.96995 0.02548 152.35877
4.17500 2.47500 0.95813 0.02101 174.18086
4.67500 2.52500 0.99106 0.04845 276.17303
4.57500 2.27500 0.98374 0.03355 257.46749
4.52500 2.27500 0.97650 0.02583 248.91949
4.92500 2.67500 0.97916 0.07023 291.01818
4.67500 2.57500 0.99246 0.05470 281.01411
5.22500 2.62500 0.87870 0.04003 47.27767
5.47500 2.62500 0.78077 0.07711 89.27177
5.42500 2.67500 0.79344 0.08663 82.19820
5.27500 2.27500 0.84770 0.00866 339.15732
5.42500 2.37500 0.78449 0.03335 81.48113
0.47500 3.12500 0.82278 0.06301 11.00676
0.12500 2.77500 0.81012 0.01982 75.59922
0.42500 2.82500 0.81362 0.01945 55.49299
0.27500 2.72500 0.81142 0.01152 78.07548
0.47500 2.87500 0.81546 0.02360 39.06559
0.67500 2.87500 0.82013 0.03129 36.48908
0.87500 2.72500 0.82692 0.01969 29.31179
0.62500 2.77500 0.81540 0.02690 60.70954
0.62500 3.07500 0.81992 0.06138 12.92674
0.62500 3.02500 0.81841 0.05169 16.11744
1.47500 2.97500 0.83109 0.07070 355.72499
1.32500 2.82500 0.82696 0.06130 359.39248
1.52500 2.97500 0.83038 0.06929 357.63437
1.42500 3.12500 0.82868 0.07043 4.38935
1.37500 2.82500 0.82695 0.06314 356.46782
1.77500 2.77500 0.83258 0.05907 351.16756
2.02500 2.92500 0.85137 0.05702 20.12561
2.07500 2.97500 0.88406 0.06156 28.26356
1.92500 2.72500 0.84271 0.04871 359.76475
1.87500 2.72500 0.83776 0.05072 357.08400
2.22500 2.87500 1.18021 0.06413 47.49614
2.67500 3.12500 1.17116 0.11250 52.93352
2.67500 2.97500 0.98544 0.08662 65.93542
2.32500 3.07500 1.24886 0.08356 49.86873
2.42500 2.77500 1.85752 0.09604 77.54690
2.82500 3.12500 0.90533 0.09467 49.82015
3.02500 2.87500 0.88397 0.00693 120.45296
2.77500 2.72500 0.87582 0.00923 129.63871
3.22500 2.92500 0.90430 0.01010 144.59425
3.12500 2.82500 0.89177 0.00375 299.57425
3.82500 3.02500 0.98860 0.01396 166.20261
3.37500 2.97500 0.92592 0.01646 142.37836
3.77500 2.87500 0.96437 0.02445 151.72623
3.67500 2.77500 0.93619 0.03364 140.63271
3.42500 3.02500 0.94476 0.02434 129.73324
4.22500 3.02500 0.98987 0.02358 331.55440
4.07500 2.82500 0.96949 0.01594 121.66636
4.32500 2.72500 0.96624 0.00737 223.35086
3.92500 2.72500 0.93992 0.02024 125.42577
4.32500 3.07500 0.99498 0.03868 316.50854
4.42500 2.92500 0.97968 0.05001 305.46042
4.92500 3.07500 0.98192 0.06303 282.82361
4.87500 2.82500 0.98582 0.07987 282.98709
4.82500 3.02500 1.00241 0.08029 289.40085
4.57500 2.87500 0.99976 0.06739 289.54002
5.17500 3.02500 0.87918 0.01408 205.61900
5.47500 2.72500 0.78691 0.09009 89.89188
5.27500 2.92500 0.83190 0.04474 100.36555
5.02500 2.77500 0.93237 0.04932 284.45324
5.12500 2.72500 0.90516 0.02680 315.95257
0.27500 3.32500 0.85459 0.05570 330.83051
0.02500 3.57500 0.86201 0.07668 270.74726
0.42500 3.57500 0.85258 0.01731 301.02621
0.27500 3.22500 0.84379 0.05669 346.49326
0.02500 3.42500 0.86112 0.06001 273.81217
0.57500 3.42500 0.84867 0.05557 10.47270
0.97500 3.52500 0.83550 0.05286 16.24763
0.87500 3.57500 0.84019 0.04201 27.91925
0.67500 3.17500 0.82493 0.08406 9.02755
0.62500 3.27500 0.83851 0.08144 8.18184
1.22500 3.27500 0.82957 0.07290 5.38370
1.42500 3.57500 0.86574 0.03246 1.37695
1.32500 3.42500 0.83566 0.05544 7.23269
1.12500 3.42500 0.83323 0.06221 10.04372
1.57500 3.17500 0.82912 0.07255 7.46886
2.02500 3.37500 0.84260 0.08321 30.10873
1.87500 3.22500 0.83432 0.07760 13.36650
1.67500 3.42500 0.84963 0.06085 13.91065
1.92500 3.57500 0.86483 0.05884 28.70372
1.87500 3.52500 0.86510 0.05003 18.27561
2.27500 3.32500 0.90797 0.08400 37.33779
2.27500 3.57500 0.85667 0.09190 44.62086
2.42500 3.32500 1.11284 0.08767 44.24670
2.22500 3.47500 0.85285 0.09174 41.21237
2.72500 3.27500 1.08762 0.11656 47.42342
3.27500 3.17500 0.89031 0.03668 56.99447
3.07500 3.27500 0.91019 0.08892 40.84102
3.07500 3.32500 0.94305 0.09821 34.05090
3.12500 3.57500 1.04848 0.10754 25.65484
3.12500 3.37500 0.93864 0.10179 30.72725
3.72500 3.37500 0.92926 0.07051 357.30925
3.82500 3.22500 0.95996 0.02976 346.63159
3.32500 3.17500 0.90418 0.03614 61.16559
3.37500 3.47500 0.95080 0.09436 19.86949
3.72500 3.22500 0.95077 0.02919 353.05512
4.32500 3.32500 0.99967 0.09692 326.48046
3.97500 3.47500 1.00753 0.09378 345.29251
4.07500 3.47500 1.01929 0.09643 342.10434
4.02500 3.32500 0.97329 0.05923 346.21716
3.87500 3.22500 0.96600 0.03470 343.43993
4.77500 3.37500 0.99115 0.07207 306.55985
4.47500 3.57500 1.00810 0.10331 324.94392
4.87500 3.27500 0.98268 0.06254 297.81487
4.57500 3.27500 1.00989 0.09128 309.73726
4.82500 3.57500 0.97838 0.05243 309.51315
5.47500 3.27500 0.83346 0.06325 88.88575
5.32500 3.37500 0.86663 0.04048 84.79788
5.17500 3.52500 0.93321 0.02932 254.71231
5.12500 3.47500 0.94826 0.03953 280.37745
5.02500 3.52500 0.95960 0.03500 285.49344
0.07500 3.87500 0.86674 0.07070 265.30232
0.17500 3.62500 0.86105 0.07059 272.37074
0.22500 3.92500 0.86993 0.06270 244.67338
0.27500 3.97500 0.87058 0.05741 233.02831
0.22500 3.97500 0.87016 0.06274 241.33925
0.87500 3.67500 0.84606 0.01854 51.98681
0.92500 3.97500 0.88714 0.05057 185.42422
0.62500 3.67500 0.84815 0.00901 96.50175
1.07500 3.72500 0.86335 0.00838 133.35513
0.67500 4.02500 0.87838 0.05560 187.48161
1.47500 3.67500 0.87643 0.01781 306.11723
1.37500 3.97500 0.89222 0.05258 210.93572
1.22500 3.97500 0.89619 0.05978 204.30990
1.52500 3.97500 0.89051 0.06072 213.87328
1.47500 3.72500 0.89048 0.04084 227.45078
2.17500 3.72500 0.85747 0.08808 46.22357
1.67500 3.67500 0.88483 0.02164 332.14403
2.17500 4.02500 0.87046 0.01732 25.61834
2.17500 3.77500 0.85887 0.08948 47.44117
1.97500 3.72500 0.87993 0.02689 4.65039
2.52500 3.87500 0.86929 0.09928 47.72282
2.72500 3.62500 1.08422 0.09741 44.43018
2.57500 3.82500 0.89292 0.09677 47.77251
2.27500 3.67500 0.85885 0.09006 48.52021
2.22500 4.02500 0.86860 0.03265 35.82738
3.02500 3.82500 0.99644 0.08959 19.66673
3.02500 3.77500 1.02649 0.09012 24.12774
3.27500 3.87500 0.96566 0.09715 0.50129
3.02500 3.72500 1.05081 0.09443 25.06711
2.92500 4.02500 0.88643 0.08619 17.27233
3.42500 4.02500 0.92282 0.09746 350.69424
3.32500 3.67500 1.04394 0.10048 10.74856
3.67500 3.67500 1.03679 0.10152 348.54618
3.77500 3.82500 0.96893 0.10032 342.48618
3.32500 3.87500 0.97057 0.09807 359.62025
3.87500 3.92500 0.96083 0.10958 341.30711
3.87500 3.77500 0.98813 0.10586 341.00192
3.97500 3.62500 1.03969 0.10349 342.17961
4.12500 3.97500 0.95900 0.09071 335.27427
4.27500 3.77500 0.97144 0.10590 329.55585
4.67500 3.72500 0.97960 0.06239 315.83126
4.62500 3.77500 0.97818 0.06265 318.24798
4.82500 3.67500 0.97781 0.05465 314.12521
4.42500 3.72500 0.97075 0.09048 324.75898
4.92500 3.97500 0.97410 0.04256 331.37557
5.47500 4.02500 0.87577 0.07612 89.67634
5.32500 3.67500 0.89297 0.01441 26.36944
5.22500 3.97500 0.92879 0.03110 315.26055
5.07500 3.87500 0.96642 0.03569 318.89715
5.37500 3.77500 0.87612 0.04413 80.33275
0.37500 4.27500 0.88362 0.04571 204.20431
0.22500 4.32500 0.87650 0.03403 224.77382
0.47500 4.37500 0.88679 0.04236 189.63578
0.32500 4.22500 0.88140 0.04665 210.90268
0.12500 4.32500 0.87064 0.02180 241.56574
0.97500 4.07500 0.89758 0.06383 187.96125
0.72500 4.27500 0.89695 0.06668 188.04382
0.67500 4.12500 0.89112 0.06972 189.55285
0.72500 4.07500 0.88921 0.06398 187.73371
0.82500 4.27500 0.89916 0.07097 189.31765
1.12500 4.12500 0.89882 0.06635 193.74093
1.37500 4.27500 0.89462 0.07633 191.27902
1.47500 4.42500 0.88923 0.08718 184.12448
1.32500 4.17500 0.89700 0.07182 195.74704
1.42500 4.17500 0.89060 0.05728 203.62021
1.72500 4.17500 0.88000 0.06162 206.88939
2.12500 4.22500 0.87002 0.03186 205.35045
1.97500 4.47500 0.87183 0.05402 181.35787
1.67500 4.22500 0.88270 0.07229 199.39739
1.97500 4.07500 0.87305 0.04057 232.64149
2.67500 4.42500 0.87276 0.03631 9.55829
2.67500 4.17500 0.86529 0.06844 24.42317
2.62500 4.42500 0.87272 0.02166 8.63150
2.22500 4.42500 0.86622 0.02285 182.20742
2.37500 4.12500 0.86627 0.03593 32.96037
2.97500 4.32500 0.87398 0.05388 8.37672
2.97500 4.07500 0.88208 0.08400 15.56500
3.17500 4.07500 0.88631 0.07335 9.55864
3.27500 4.32500 0.88180 0.06422 353.76917
2.82500 4.32500 0.86850 0.05536 19.69838
3.37500 4.37500 0.88669 0.05508 351.42705
3.47500 4.27500 0.89033 0.06931 344.99138
3.47500 4.47500 0.92143 0.02213 345.82563
3.57500 4.47500 0.98582 0.00308 290.55605
3.82500 4.17500 0.95950 0.06589 333.91717
4.22500 4.42500 1.00245 0.01994 343.90069
3.87500 4.27500 1.00144 0.02226 312.23213
4.07500 4.37500 1.00645 0.01744 325.89079
4.12500 4.47500 1.00423 0.01217 351.73004
4.12500 4.32500 1.00552 0.02077 326.11099
4.82500 4.27500 0.95586 0.04875 327.54864
4.42500 4.22500 0.99861 0.02774 336.64142
4.42500 4.37500 0.99274 0.03266 345.47875
4.87500 4.37500 0.94632 0.03024 280.90485
4.57500 4.17500 0.98805 0.03500 327.81761
5.47500 4.32500 0.76322 0.00000 180.00000
5.12500 4.47500 0.90421 0.06951 179.07675
5.32500 4.12500 0.92155 0.02017 63.75255
4.97500 4.27500 0.94327 0.03770 326.14976
5.32500 4.22500 0.91191 0.03491 84.52621
